500 20 3000 10 1000
756 676 558 64 760 694 526 180 264 466 332 454 395 146 168 692 687 74 420 755 776 324 848 527 100 470 451 369 444 763 668 835 568 173 881 499 106 739 522 533 529 419 256 183 309 377 428 427 726 475 282 200 235 822 317 767 409 54 154 423 674 94 214 811 673 56 511 80 392 352 111 332 896 391 230 520 688 94 862 94 436 549 366 766 580 770 763 130 872 476 205 782 423 291 413 831 101 346 218 347 608 53 284 198 675 880 782 375 331 67 504 149 391 446 591 80 739 702 844 694 60 308 230 703 422 663 713 354 265 447 270 763 609 671 488 276 689 280 702 616 490 745 661 275 806 575 344 366 857 567 130 812 409 801 483 68 884 828 339 250 743 243 410 547 886 170 156 365 497 293 353 114 566 830 373 525 299 282 487 295 849 457 141 289 273 318 137 130 769 378 390 624 315 183 111 95 83 103 309 786 645 751 423 128 105 512 131 316 412 231 493 615 407 808 292 148 408 126 524 763 334 107 259 438 293 862 527 139 409 715 749 177 373 721 68 588 102 55 870 584 70 225 400 59 509 380 646 89 756 159 606 541 711 830 320 729 221 776 589 653 645 87 335 823 392 769 698 212 286 696 660 331 529 779 342 867 235 176 847 667 246 584 618 470 570 654 405 735 309 152 711 404 704 786 298 813 151 65 656 326 236 562 449 200 898 794 465 844 485 190 94 652 173 659 126 463 568 57 789 327 55 394 520 372 853 379 266 536 597 639 725 562 155 570 123 897 382 544 148 98 581 224 792 735 428 289 838 252 534 437 896 798 351 131 675 589 224 70 493 490 666 640 414 609 232 599 678 198 212 426 798 592 451 135 737 245 899 430 731 418 217 349 305 717 290 365 491 109 709 92 802 443 437 56 74 830 564 849 242 468 238 68 341 218 406 868 631 134 696 846 687 156 511 445 182 100 148 661 704 574 624 428 416 713 537 416 54 67 523 733 602 126 252 107 646 655 509 528 198 744 162 290 232 367 301 351 692 475 888 162 259 795 575 522 849 878 660 579 385 763 749 616 642 746 504 523 577 863 518 137 373 621 208 360 95 832 240 294 556 772 358 867 475 528 552 231 189 319 738 688 436 837 720 472 84 477 424 582 150 548
5446 4
0 2891
1 6661
2 4357
3 8925
4511 5
0 5153
1 8477
2 4417
3 4836
4 5424
5330 0
4590 4
0 5982
1 8545
2 7246
3 9178
7709 8
0 3164
1 6605
2 5046
3 2749
4 9972
5 6288
6 3363
7 9408
8690 2
0 6690
1 7751
8929 7
0 5402
1 8068
2 8930
3 6945
4 9698
5 4902
6 2149
6986 9
0 6061
1 2557
2 3963
3 4048
4 2889
5 7293
6 2162
7 4177
8 5780
1820 9
0 9486
1 8976
2 8631
3 2914
4 9211
5 6088
6 3615
7 6044
8 3155
5563 1
0 2301
2508 4
0 1429
1 7705
2 9435
3 5986
3596 5
0 1297
1 4649
2 9996
3 7894
4 3459
3418 0
5680 6
0 7346
1 9564
2 7596
3 9521
4 4702
5 1928
3006 4
0 6981
1 3815
2 2238
3 3198
6490 3
0 3985
1 5895
2 5339
2658 6
0 7143
1 2187
2 1970
3 4461
4 8476
5 8908
3412 8
0 8201
1 6417
2 2634
3 2388
4 9488
5 5772
6 9392
7 5957
6763 6
0 3700
1 9421
2 3502
3 1440
4 3594
5 4007
7416 1
0 9861
413 19 22347
101 1 1517
185 16 24701
422 15 17579
60 9 9784
467 4 20259
397 9 16297
24 8 16442
169 12 49319
478 16 11934
113 16 37841
391 15 504
105 2 26572
487 19 4161
474 5 46966
147 8 2085
57 15 37394
392 15 42165
11 10 12626
443 17 46310
18 5 10938
295 14 5191
391 1 41227
346 3 15681
434 18 15852
199 7 12033
286 7 35032
238 0 38406
391 16 7560
255 17 374
135 10 33695
365 19 32597
357 13 6830
462 11 5623
120 14 40210
19 18 22304
145 5 8799
16 12 23253
278 13 21245
158 3 19573
429 19 41267
139 1 35246
497 17 43151
171 17 15601
356 17 29513
30 14 7241
485 4 19924
409 1 31409
38 15 28977
114 7 9184
104 9 16668
445 12 33300
141 16 4471
369 3 45028
189 2 26543
332 15 18887
457 8 4944
301 8 35255
184 0 15134
340 9 18784
131 9 12759
477 5 31242
138 9 42972
365 14 32527
169 9 46312
149 10 38305
166 3 5612
119 0 3801
333 8 4553
97 2 3050
322 2 14691
56 10 17452
102 3 31095
156 13 20487
37 13 15343
93 10 12163
422 8 30359
317 4 36266
10 13 28561
130 17 1234
401 16 4711
235 14 16553
123 0 20028
150 4 15869
200 0 19405
385 13 5078
52 1 4507
263 10 11349
245 6 36785
40 19 23191
13 16 6433
350 19 36337
206 4 26784
14 11 22402
382 13 7909
223 16 19390
447 7 32014
467 17 33148
464 7 29188
14 3 33932
403 7 44728
318 17 28672
63 8 32062
33 14 2390
362 5 959
177 14 33409
396 3 26414
208 12 42518
413 15 43853
450 14 16698
438 17 12241
250 7 23724
258 6 25933
92 9 29551
417 0 12035
379 9 40707
361 18 11283
132 10 39857
8 12 18956
238 11 29788
155 11 21416
14 11 20135
23 3 3534
143 12 1392
384 18 36260
385 4 1288
103 19 48695
109 1 33694
321 11 2341
135 19 2165
234 17 25488
179 16 46186
202 18 21902
65 19 37340
200 8 25913
282 1 4241
115 3 6960
193 0 8933
2 0 32838
145 5 48027
438 12 45578
47 9 11840
329 13 35999
368 7 29744
443 16 34657
181 12 29481
490 16 33409
307 4 3502
263 2 12265
354 3 35686
371 0 44493
285 1 11657
255 12 49773
36 8 16989
285 10 31617
277 5 40045
401 15 48871
110 6 1463
75 0 7364
304 11 45937
139 8 31818
106 16 7799
482 5 43328
227 11 8023
160 11 16912
428 13 26532
318 11 15628
196 8 13141
187 3 33233
372 2 40570
155 19 37758
155 9 19015
125 16 48146
319 6 35910
53 18 11962
368 3 28153
171 6 46704
285 1 26653
222 2 46103
210 3 13169
436 15 41685
57 3 34862
487 19 36745
108 5 4307
389 9 2416
406 4 9051
341 9 43923
24 5 30014
414 1 39277
267 8 16538
477 18 21863
119 13 45944
30 7 29719
277 16 23570
121 18 42607
75 15 3871
205 15 42020
110 4 13195
443 17 49414
158 2 13799
194 5 33609
355 1 19684
406 12 15056
215 2 25980
294 11 7272
300 3 32283
206 19 48434
116 2 12659
82 10 49435
448 19 22129
156 10 36789
107 3 45080
0 9 46261
232 19 1497
128 4 10687
338 19 27689
361 17 13038
125 11 35742
33 2 48412
482 11 8523
197 11 35471
85 8 43020
449 3 14417
222 2 22065
318 18 46531
45 14 2486
246 10 6793
321 1 40100
127 9 2549
262 4 39749
6 14 15355
416 4 22722
336 10 2074
299 18 23848
2 18 15862
416 17 41137
291 0 28631
202 13 48471
320 15 47856
465 8 8594
27 1 24456
11 15 11888
240 0 22447
158 5 32061
288 2 18853
32 19 4577
222 12 35963
315 13 21488
229 8 6524
294 2 39747
75 3 834
159 2 19966
173 11 832
62 3 42498
2 19 7773
469 16 30909
203 11 35322
412 4 4474
106 4 42891
66 11 19618
240 11 12455
20 15 9007
253 18 28946
83 18 45811
88 5 43220
218 1 4567
236 5 20838
113 15 39433
342 13 23203
479 15 42479
312 2 31000
290 3 8796
417 17 6195
217 8 9517
7 8 30297
29 2 35671
178 8 36764
78 0 5085
95 6 10033
239 10 27528
52 11 43423
415 3 2214
201 4 17806
190 0 17343
496 6 45504
422 18 47777
353 0 254
412 11 45608
439 5 20763
119 19 25571
192 16 714
387 17 27110
298 1 8907
449 15 10220
195 11 6233
5 12 20812
409 19 49272
214 12 3404
354 13 9216
419 15 39081
421 16 44024
382 5 43632
52 10 41921
208 5 41609
301 19 22986
310 4 21325
319 8 2431
220 17 10922
228 16 40729
299 11 16931
168 11 31676
12 1 903
50 16 10101
336 5 14654
24 10 30329
156 0 47428
241 4 18489
419 4 9829
326 16 31678
48 19 4244
318 11 17473
317 8 4383
281 18 43815
188 1 29242
408 8 13469
126 5 37015
56 4 5500
49 13 281
77 6 48155
78 18 40773
108 1 26743
243 11 11013
316 2 35678
344 16 29161
284 6 41328
190 9 37440
57 6 703
363 14 3077
161 16 9382
420 15 15978
44 11 28421
134 17 21276
20 15 4837
321 3 19652
18 11 19429
373 2 34557
4 13 5269
466 14 21815
474 17 9980
326 10 24417
71 16 25607
202 0 9563
46 1 47013
143 9 9132
323 0 37983
367 3 47160
91 19 23229
9 1 36318
190 8 44808
331 9 8672
477 15 14704
97 15 4788
183 5 38349
200 2 25844
192 7 43157
283 14 28028
434 9 39271
170 11 9214
107 17 7926
352 6 28847
78 12 17563
120 0 13001
464 15 40992
206 19 26757
9 11 40449
135 18 16411
154 1 30603
59 11 16079
312 8 37769
404 15 14570
222 16 11166
461 19 49439
371 3 7682
353 14 11175
283 4 25804
361 4 27036
53 18 35815
420 3 46731
409 15 15777
164 16 10941
117 18 47299
421 9 29324
315 3 27443
438 10 45901
180 18 33862
445 17 34618
404 16 1043
9 10 7357
278 12 4521
73 3 37534
407 16 10032
79 19 31666
472 16 38116
369 0 40632
292 1 13252
108 10 11566
86 8 34023
202 0 12790
451 18 12364
140 7 6003
40 19 36576
48 9 39093
27 8 2938
287 1 29107
4 18 30730
289 7 39537
159 7 47689
191 8 39335
371 14 29887
115 9 43180
40 14 48477
52 1 8844
413 10 49211
205 17 15863
92 0 37654
217 18 1767
299 15 12044
158 2 48924
175 12 15745
399 8 27853
69 10 48890
428 3 37318
422 19 10358
469 8 45370
457 2 3296
5 7 44577
422 15 20847
45 11 31124
66 0 43131
171 14 40823
65 17 46172
213 15 47431
280 13 48092
393 12 40448
140 2 4237
239 8 27393
208 12 32798
227 7 412
448 7 24918
224 15 39944
195 5 21752
436 0 29719
418 7 20446
252 5 38714
207 18 32485
454 18 1612
90 9 1371
255 0 47492
464 13 45481
219 6 12543
182 13 19229
137 1 6379
312 0 13399
245 19 34909
451 15 8778
133 13 4562
300 9 15472
259 6 31939
42 7 37633
43 5 23272
350 15 40062
66 17 15986
154 18 22831
6 16 7001
3 15 43735
125 2 4407
159 16 38847
66 10 24775
379 10 41517
431 2 37113
329 19 43719
296 15 25574
282 6 11666
192 8 41501
232 16 24366
492 11 3611
421 10 46177
445 15 25199
30 8 9726
214 15 26471
151 17 41722
329 7 6558
202 8 27330
1 4 36412
67 0 29473
37 16 37548
327 8 23877
157 3 30393
93 13 28669
380 18 47586
65 19 23128
88 0 41688
463 15 26528
173 12 41363
136 17 23827
131 12 26817
431 9 4979
204 9 41444
309 0 40564
494 15 24312
254 6 10340
72 3 49789
426 0 39140
34 5 45297
53 4 41089
199 17 10583
314 18 45919
243 14 5644
158 19 18275
68 5 13017
338 5 39043
222 6 37565
360 14 45825
81 17 30497
53 18 22435
260 11 23766
288 13 23981
163 14 23336
487 1 41696
483 0 13915
58 17 38678
489 7 39853
210 10 15392
69 4 5494
269 8 29461
276 10 46595
310 17 34766
471 1 33581
153 7 48332
392 8 20453
40 13 23770
422 4 452
279 4 11559
286 5 12570
281 13 38315
435 8 33663
7 6 48422
332 4 326
434 6 550
422 17 45462
490 11 39484
326 13 16305
96 16 4271
76 12 48277
432 3 37382
37 19 49850
81 11 22743
131 1 46160
247 4 44329
237 0 4888
363 18 47301
11 4 27303
287 0 11454
165 14 40978
159 3 28229
472 3 42933
2 14 32804
484 9 31855
152 5 31150
88 17 36181
394 14 20587
191 12 17704
142 6 45476
436 0 18400
42 17 24281
179 8 7169
282 15 12138
393 15 15897
69 16 9120
154 4 27233
396 3 43930
65 15 23393
203 6 20075
31 3 27991
338 10 41249
226 16 42727
136 16 45964
388 6 25887
50 14 38653
458 4 3326
147 7 38179
330 5 47789
24 5 24284
237 2 31
155 10 39137
66 5 19159
13 13 47423
159 19 38423
48 1 44555
367 10 27084
484 17 14367
306 18 45089
411 19 8005
207 6 2263
344 0 43329
435 9 21164
421 3 48365
430 8 3081
461 10 12830
450 7 28760
356 17 44334
191 4 6184
340 19 21084
184 3 2059
188 15 16256
225 13 44575
40 2 27815
183 11 38927
30 5 41455
227 0 36230
336 14 47271
277 19 9523
52 7 47172
135 15 24914
252 1 33982
298 9 24243
63 15 45312
61 19 41665
370 3 32610
79 7 31924
448 15 5542
187 1 44840
499 11 10791
284 0 31260
419 1 21762
235 13 1282
379 12 11024
183 17 45731
211 17 29174
253 5 37772
318 9 32715
181 15 6616
219 10 21050
334 13 34018
477 3 25994
108 5 21685
229 2 3426
139 3 19234
240 15 25687
73 7 15184
284 13 20789
71 0 42289
130 15 47805
486 11 12637
378 8 5869
477 10 20895
392 1 3698
267 11 47559
428 0 13205
234 13 12851
343 16 28947
457 8 5615
484 18 24267
119 16 31143
106 1 5203
436 19 4268
370 3 25819
353 6 18934
340 6 6864
137 13 10391
497 0 25403
452 2 46808
309 10 5292
429 16 35028
340 14 41095
282 5 179
77 16 22297
376 2 30569
414 18 17487
80 9 5545
415 18 30324
200 17 44621
268 19 48883
133 18 15049
119 9 14314
162 0 38289
361 1 4406
345 4 8401
18 9 31858
82 6 9746
330 17 6683
376 13 25929
430 1 15301
464 0 48442
225 16 32981
121 19 37388
131 9 12109
364 11 48599
235 19 4368
3 19 38856
414 6 48675
467 2 16993
207 18 40002
416 0 46839
302 8 7976
127 18 12882
293 15 14610
274 2 42305
286 17 48007
87 3 21020
307 5 501
20 19 33311
463 17 38649
189 19 18130
129 2 43609
486 1 36880
229 13 36170
95 14 9838
33 17 47543
176 10 34038
152 5 14718
201 13 47525
183 15 226
485 17 28364
478 3 41861
307 15 30068
180 5 10002
20 5 33556
11 4 22866
360 16 15053
417 0 17853
311 11 9122
26 17 25078
123 11 8084
276 9 17790
45 11 10082
463 3 46066
47 18 37366
350 0 43430
368 6 24432
487 14 20418
365 9 2395
474 14 154
430 17 49211
295 19 47982
266 11 10657
2 8 35730
12 10 43532
467 18 21249
257 19 12138
415 12 19955
156 18 39267
275 9 33050
330 19 29234
4 8 28181
320 17 45847
228 9 16332
113 16 44614
323 15 30274
422 19 45450
463 1 16686
299 15 49044
26 16 24313
183 12 10448
492 6 2781
345 17 13511
213 13 5690
81 19 48063
93 5 36184
479 16 24618
330 13 22222
76 13 1444
323 19 19425
66 12 16437
213 5 18336
310 6 32710
90 14 16083
74 8 48767
483 11 34203
11 8 33661
50 15 27231
156 18 42223
498 13 16414
173 10 31801
39 15 16199
419 18 38552
457 19 30938
76 4 32050
448 17 40694
162 2 252
221 2 290
260 19 32217
332 13 14047
343 11 29235
159 10 39802
82 8 49907
259 8 19721
126 15 436
363 15 37209
475 13 16058
11 7 40289
294 2 406
468 8 13194
465 14 6892
145 2 29151
199 8 1745
266 19 38639
440 18 7214
405 6 29160
292 15 14013
427 0 13685
113 13 38723
347 1 42827
71 15 16979
402 3 48052
339 10 35041
109 1 13553
99 3 19888
0 3 10419
78 15 36994
253 12 44747
321 14 3961
452 5 18102
278 5 27535
86 7 49891
286 7 37998
136 10 30156
380 9 5803
212 3 22912
480 18 48471
186 13 38571
381 19 10098
258 11 18092
235 16 9500
340 2 32071
157 11 28378
437 17 47835
97 9 39439
34 4 38404
29 16 1463
9 7 2222
10 9 22879
322 10 17328
207 14 42705
84 6 1194
160 19 22231
170 15 15626
419 9 8079
185 18 48981
318 14 48035
131 15 29957
19 1 14296
362 0 27633
11 17 18583
41 15 41906
475 3 26291
464 12 20111
91 12 42565
228 19 43027
498 16 6720
310 4 28582
286 5 32236
122 0 6492
277 11 22998
123 7 31599
444 5 40012
322 14 25031
337 4 46075
255 19 43752
474 2 15791
268 3 44017
149 12 35813
454 9 33378
54 17 7076
340 7 12823
151 15 42590
127 9 43022
254 1 25559
354 6 42569
175 16 39352
71 1 21685
284 14 38649
69 0 44353
97 16 12824
265 14 45706
78 14 30411
113 6 31663
345 6 2507
398 13 36010
356 2 23603
496 8 33852
432 14 23735
291 2 7867
297 17 33804
321 2 9704
22 11 20986
249 18 17631
30 10 38290
365 16 34621
250 5 9470
314 0 40777
411 5 5363
206 16 19916
103 1 25878
405 12 14895
211 15 36806
420 5 25812
148 6 34661
234 6 22017
372 17 8076
71 3 46546
228 6 6486
56 7 4771
170 19 43580
119 2 5231
425 1 13483
463 13 32049
315 8 20420
255 8 26406
312 18 36080
355 18 15288
199 13 44872
73 8 9020
424 4 19681
363 1 10964
55 3 38253
496 3 1574
417 9 44868
205 11 36482
144 3 33651
350 9 38986
85 16 8206
491 6 43523
192 3 45650
37 3 44373
270 10 439
248 8 14486
124 12 37108
429 8 28039
268 8 12749
289 1 667
188 4 921
18 9 18380
377 0 39813
353 4 46627
394 19 47597
489 0 29776
90 5 25581
398 6 9799
403 12 47080
373 12 7073
451 19 46676
403 9 46106
84 3 21388
189 16 18838
386 7 41866
135 17 5452
440 8 13565
367 19 34728
366 8 33350
318 18 3758
256 8 17807
82 8 36675
115 14 35635
314 2 33751
374 5 24281
142 16 43247
220 17 26708
201 17 13669
168 18 26114
138 8 15715
195 14 3501
475 16 38828
266 14 20607
18 2 27259
343 19 11961
484 7 40687
28 6 22959
439 8 30299
228 8 25916
44 7 40022
59 7 12007
375 6 13847
68 9 21244
497 11 28597
294 17 4500
63 0 22257
95 0 42213
206 12 48548
489 18 23624
40 3 226
358 5 41204
12 4 46359
108 4 31479
22 7 31728
100 18 3188
180 3 6668
203 1 28353
68 18 12874
55 18 22447
240 5 35147
102 15 33601
42 2 40829
356 11 39544
55 15 47380
395 6 38640
251 3 48553
454 1 47522
470 2 38218
48 4 9795
13 14 6506
272 17 18262
361 11 23825
484 4 49982
369 8 6379
303 14 6541
214 6 14271
30 12 24104
497 5 41253
369 7 38934
254 16 20303
53 14 9848
456 15 32832
344 16 1535
25 19 33757
281 3 17288
460 10 16346
276 3 7994
321 0 22807
163 12 44003
132 4 1634
33 10 2264
430 13 31351
105 3 42085
180 0 31921
427 2 30975
338 19 29969
87 9 2851
85 3 44440
144 2 5974
344 9 13333
148 19 46996
425 1 26732
361 2 38412
21 6 13164
147 16 18046
464 4 943
34 3 44334
338 8 30214
474 6 36195
13 4 31268
493 1 41509
310 3 22215
499 7 8831
334 8 24335
342 17 47951
260 2 41649
41 8 12633
253 1 36365
334 13 28865
271 11 21448
33 9 24809
298 0 7271
143 19 45812
454 14 2130
403 10 1665
51 2 17260
397 10 29724
82 12 27157
493 0 37335
175 18 16405
430 13 3786
78 5 25294
133 7 8889
224 8 44038
434 13 15289
282 7 23949
376 12 26873
62 17 28336
322 19 3487
143 0 40858
147 4 14885
124 8 19201
312 6 36015
97 8 19884
35 10 20973
218 18 38557
80 10 14523
302 11 14290
430 3 9921
492 10 5496
77 4 16727
81 17 46902
125 3 2267
475 11 5309
289 3 12582
370 19 27471
198 4 4252
224 12 3848
251 9 12140
367 8 44656
111 11 9815
403 18 11781
314 19 41007
66 16 41967
297 10 24144
73 8 26647
169 12 11212
389 16 48696
415 14 770
498 3 7859
3 18 12355
90 18 8744
492 3 15533
457 6 15602
204 19 22144
163 8 10830
147 16 40063
377 7 10275
217 5 48099
223 3 26251
67 0 9881
40 4 9309
62 12 41242
56 11 8789
150 13 23306
327 17 49649
266 5 26434
164 8 21890
19 10 44800
396 12 1846
37 3 40401
456 12 3671
494 0 36183
15 6 38042
288 14 17577
456 3 47545
32 0 37233
264 17 35263
356 14 17323
292 11 49297
271 1 9927
247 18 19827
250 14 1969
424 16 36003
269 14 17814
4 3 15035
239 1 46479
389 14 40282
221 0 39947
48 14 5529
431 4 31067
121 6 12828
423 15 9648
205 12 43894
234 18 33702
186 18 44149
284 5 47948
121 6 36363
340 7 17625
201 16 22321
217 16 33196
29 12 34323
234 3 48741
289 17 43811
470 19 7135
284 7 23797
138 7 32280
42 17 31950
472 15 2585
320 1 31499
63 2 24956
268 15 18787
292 8 9870
161 16 4859
406 8 11515
150 10 6554
16 11 11405
404 2 24025
478 19 30433
115 3 32583
480 7 9209
173 12 1868
204 1 27862
225 6 18530
329 19 46834
331 7 41166
443 0 18677
184 12 32947
420 4 36709
304 5 33719
200 9 6490
290 17 35915
39 7 49152
105 14 19242
373 1 36938
143 7 26257
199 5 49125
220 17 23203
116 19 30350
37 13 32847
36 18 18628
246 3 15569
53 0 30666
74 14 48882
235 14 14516
110 15 26639
144 3 39309
108 11 39594
105 12 39723
51 4 16110
243 6 39361
82 15 36234
247 9 29110
200 0 3267
320 19 41735
12 9 31665
320 0 22313
332 12 13570
192 19 45292
326 7 45769
291 2 214
381 17 48195
209 15 49236
14 2 30081
269 5 23015
432 17 41306
446 13 48659
229 14 18023
437 12 6689
49 7 1453
405 14 12960
129 6 49298
76 10 49727
247 18 29621
351 12 41936
260 7 11762
164 17 7394
89 5 39908
319 0 1349
16 1 40417
121 0 48080
456 12 34477
392 12 710
479 11 4552
278 18 39684
133 0 33131
392 2 2171
288 3 39592
55 10 22507
119 19 37353
361 6 9409
62 7 8487
31 6 24562
439 5 32655
180 10 47530
243 17 15047
55 1 16979
122 16 21865
235 10 31175
140 14 24694
151 2 8514
186 13 14935
245 7 34410
175 7 26635
348 19 17456
368 2 45934
378 12 24043
172 13 27534
128 19 3187
352 0 16804
148 1 16089
230 7 27668
448 14 20100
23 1 31678
41 0 46182
51 15 20934
276 18 24566
338 13 35690
436 7 24076
317 4 23221
35 19 35790
235 5 18606
323 12 39886
399 8 47995
307 17 26833
171 2 32010
297 7 20959
244 1 49372
480 17 9506
178 13 6906
41 4 24114
222 0 27798
414 15 690
103 16 21567
2 1 845
206 18 13688
322 11 29852
296 1 24662
201 19 11768
309 14 27042
114 16 16034
199 12 4223
308 19 24819
88 7 17179
217 2 33554
317 8 6877
330 9 44541
101 1 3353
389 6 24136
278 2 48957
28 3 41195
354 4 44703
435 16 5372
319 6 44255
67 18 27790
61 19 14483
88 8 42169
362 2 2014
17 19 19883
115 6 48754
111 7 19986
250 5 3058
432 12 38779
295 8 27890
438 12 47565
8 4 42881
499 7 32622
93 2 28456
247 6 843
268 5 5266
387 8 44589
169 5 25789
152 15 1253
265 17 32493
134 1 24046
103 9 25136
498 7 46373
61 10 7659
395 9 17069
370 0 34169
210 9 1154
435 16 5514
392 9 32231
176 17 8288
313 2 17428
381 17 30064
154 8 12856
158 4 45144
343 6 45034
442 15 45910
453 4 44467
407 6 30606
70 11 16537
366 10 3998
226 8 20890
492 13 27879
11 19 21633
159 12 40631
161 8 22267
266 5 40944
449 7 46362
182 9 25555
176 19 31533
40 0 16304
386 12 39728
158 6 45540
192 10 28583
228 13 13059
119 3 6971
177 0 14336
103 10 22549
275 8 14966
162 3 32836
394 16 22824
373 9 36376
201 7 8261
215 12 45959
426 8 20416
330 12 16
1 2 26780
66 16 17710
196 18 23443
309 1 1330
136 11 1675
341 11 43815
102 19 40846
364 8 13162
430 18 39416
86 13 43932
47 2 37017
303 9 11892
224 7 9924
83 11 20488
212 4 15297
40 5 18388
460 4 41899
225 1 18916
10 3 29514
353 6 35299
409 7 26629
179 12 15657
321 17 41147
465 9 37564
158 14 17333
223 15 33801
321 11 11614
380 0 11951
52 19 49553
375 3 2582
368 16 36560
23 15 39158
158 13 41195
99 4 36422
326 14 18649
195 3 39682
190 5 24048
15 17 7230
404 9 43734
238 13 25262
451 16 13245
283 17 27183
126 7 35805
94 7 16147
318 1 8514
393 15 41971
294 15 23800
290 9 18036
365 12 20655
332 14 31392
201 4 13727
363 17 1340
418 15 4615
358 14 48581
296 10 16508
363 13 34015
425 11 35763
337 3 7232
215 8 5733
286 18 31000
335 3 49784
474 17 6890
53 8 34256
50 8 42442
176 4 13468
15 2 23906
219 16 255
306 18 28030
239 14 3206
312 19 37698
100 9 3223
434 11 19546
470 2 7050
219 5 23895
50 12 32181
445 2 8868
343 0 49914
140 9 13198
311 4 17181
132 8 11464
221 18 3969
397 16 3963
254 11 26798
105 17 1163
250 10 26255
52 16 1058
72 7 49749
395 17 36766
444 7 17250
1 12 25829
15 4 38098
250 1 26894
51 16 3900
274 10 23060
400 1 6682
152 0 30492
476 19 16766
421 17 48616
465 19 3467
223 6 15487
221 9 2904
450 15 2365
68 19 2683
486 17 39714
8 15 40012
313 1 22639
93 0 34740
33 13 17366
39 3 49229
195 3 23808
23 15 27765
374 13 48877
49 3 27743
333 11 8143
169 5 7821
2 7 4471
142 3 48408
147 5 30914
377 15 16186
281 0 25560
40 1 48223
250 15 2879
410 8 26841
107 15 20685
112 12 8063
87 3 43165
419 16 4661
316 16 19696
275 6 23490
303 7 48920
289 2 13961
272 14 12817
290 16 15896
433 3 16508
319 11 6331
229 10 45232
75 8 34052
263 19 28456
59 19 44526
314 6 9605
173 3 40695
423 16 4436
288 3 22786
402 3 1590
142 9 20328
258 12 8004
176 17 10208
425 0 23579
312 11 33373
468 8 37412
491 3 3686
253 5 37204
258 15 20103
199 4 3475
275 9 45859
204 18 34154
211 2 31935
406 7 35975
9 14 8126
460 19 30052
119 12 43823
393 7 35826
420 10 14029
432 8 8650
398 15 40143
300 10 26340
242 16 23915
25 5 6830
76 1 3233
330 1 18954
123 14 5440
136 18 3085
345 2 29595
38 10 32178
271 18 33225
443 7 34972
422 3 44573
196 6 9562
143 10 23666
270 0 48082
27 11 45722
203 17 16566
390 5 34992
363 12 41268
355 9 5368
437 14 18551
446 16 45137
406 14 44915
262 18 28739
131 5 40213
204 15 4033
184 10 27610
423 5 30036
23 7 38503
304 4 23072
463 8 8282
194 11 28718
474 10 34956
82 6 19585
480 11 36200
350 5 42848
466 19 7579
457 14 13100
131 3 34829
164 2 21457
355 0 1162
496 17 29262
446 1 21964
115 6 36130
53 3 48173
408 13 48673
348 3 38431
181 6 33320
323 6 7488
405 9 21843
318 19 43271
354 18 40065
491 7 43624
355 17 29953
79 14 36558
120 7 46046
445 1 25258
266 5 33874
361 5 48767
380 7 476
278 11 43209
19 18 28532
257 8 6079
56 8 28109
164 2 16485
63 12 45303
286 3 34964
487 4 37276
339 16 18386
394 6 12666
296 17 11166
418 2 49949
476 9 26191
138 8 12052
39 3 39706
122 2 30343
85 19 43845
320 0 36587
324 18 36241
166 5 19520
168 11 17509
109 0 42565
304 9 43613
126 19 12550
436 1 753
136 3 10641
183 14 18225
379 5 46096
98 5 34146
217 11 30864
17 17 30478
251 5 18530
76 3 41984
495 16 1865
464 3 40086
197 18 48480
242 7 43872
413 8 8557
426 14 7668
350 10 33970
347 0 29906
33 12 34834
174 16 32385
370 10 45463
115 11 9513
475 7 9063
213 19 20902
361 8 17317
194 6 23018
377 19 18445
139 5 10238
87 2 24045
169 10 6055
342 5 42512
97 18 18212
424 8 19385
495 12 4011
31 13 23957
201 11 14285
495 4 46671
396 7 13187
324 12 43111
32 11 26801
105 6 41611
86 12 19235
372 10 41547
181 2 39241
491 17 42702
85 13 4616
368 11 30789
223 6 33435
235 19 36200
118 7 17719
287 19 21136
443 11 12089
172 4 42766
246 11 39985
414 7 9893
401 17 49378
276 19 29013
352 9 23635
322 5 39166
352 19 26623
88 2 44932
253 15 38918
325 19 24471
318 5 20046
429 7 43806
253 0 13412
81 16 42169
394 9 34474
340 0 32250
332 3 40843
29 10 6507
369 11 1919
201 4 38239
44 11 40287
439 1 28371
433 8 28539
20 13 18754
287 19 4015
207 9 38793
0 19 23486
381 14 22076
180 9 14325
327 13 29235
389 2 30844
463 4 30306
92 7 19615
422 10 41254
300 15 49565
101 6 47614
222 3 36389
145 11 29100
384 13 41614
469 11 43051
209 17 23636
244 19 2799
57 11 3143
55 1 41044
108 9 8552
68 16 8169
482 6 33581
214 12 17307
309 16 388
447 0 25461
336 1 6843
496 13 19892
343 5 4138
88 19 27487
154 1 38571
58 0 35478
327 2 2544
168 4 32917
241 15 26914
363 9 38512
153 1 43548
4 18 18192
245 12 27183
140 16 46729
366 5 31214
12 6 4587
498 5 4039
282 14 4595
42 2 1909
392 16 33349
432 5 6940
441 17 2714
265 5 38614
205 19 20961
52 12 1051
449 7 2356
403 11 25250
414 15 9123
492 3 49746
259 15 1813
431 17 16822
375 2 45126
47 15 35819
95 13 28200
380 15 2084
199 7 28177
16 6 20885
153 11 46341
239 19 5674
58 1 42730
208 18 44906
362 6 37629
298 11 45618
8 10 11966
234 2 30907
96 17 6358
412 11 10139
132 9 27699
132 8 33253
232 12 26836
403 1 35674
378 5 42389
476 1 45173
153 11 17879
29 9 35232
491 14 41632
193 1 20902
191 4 5731
135 9 8384
74 1 10535
143 18 38658
254 15 14962
406 17 22507
62 0 1852
475 15 11037
252 10 27884
96 12 27385
279 0 8762
16 11 9140
147 7 37127
84 2 5092
1 1 12302
364 3 34556
168 19 24039
451 10 1449
57 5 24178
199 4 36452
122 14 49901
397 2 14968
318 8 18645
67 19 46465
329 12 6443
226 3 8525
350 0 26878
62 0 11104
240 18 32561
141 1 31141
153 4 14788
249 17 19598
29 16 25519
372 10 604
204 3 20410
347 8 3155
42 14 7347
187 16 10626
354 13 37416
109 2 23601
282 8 4076
361 2 21817
15 16 32443
344 1 4765
463 18 19331
249 1 1184
228 4 13748
19 11 42239
452 9 33867
447 11 48199
133 18 26588
493 7 23112
31 18 5248
13 1 5940
224 6 41664
131 1 43632
210 12 28613
339 18 47204
204 7 13486
219 17 23481
435 11 23421
34 13 35820
270 5 41257
63 1 48693
236 11 1549
224 1 33810
196 16 40607
52 18 25569
228 1 45361
397 19 20750
42 13 45608
487 14 41486
223 7 48104
245 17 5196
189 2 35358
387 1 5654
269 8 21295
118 3 15674
358 1 34241
421 13 4670
68 13 33352
204 17 14740
2 18 46775
234 9 24730
418 10 3718
236 10 9619
36 8 32157
303 0 6213
85 13 7490
31 11 44919
47 12 13462
309 7 43064
354 2 16195
59 6 40043
274 7 33142
147 0 13042
480 10 10010
210 9 9289
356 9 15456
196 16 41626
167 7 23767
35 4 31876
311 8 38525
39 9 16699
389 8 15542
394 18 23969
480 2 42247
6 12 35357
197 2 24696
356 11 28770
278 13 15991
50 19 45109
10 3 14419
73 4 10235
391 11 27823
244 11 46597
175 4 9516
421 15 8626
279 9 18980
468 16 5595
133 4 49970
283 17 10785
488 6 18749
170 7 38062
481 10 37064
269 2 42419
225 6 15511
443 0 44759
280 2 37361
394 15 45567
121 1 29588
471 8 39626
437 1 2131
329 12 48157
477 2 44139
46 5 31404
361 6 37107
186 12 41507
25 19 4687
316 12 2104
14 16 38582
48 8 36369
138 7 43170
395 14 14801
8 11 11854
292 6 14260
304 5 45661
94 8 18017
421 11 36752
128 0 23682
357 0 2055
160 17 22276
498 4 6455
300 12 2100
349 7 35569
286 2 19046
412 16 10934
299 4 48615
252 3 20309
75 2 43547
331 12 14986
479 10 5470
446 7 1630
289 1 19550
335 2 41721
48 12 46097
117 15 19331
331 13 672
163 16 6920
426 12 15155
195 18 17151
325 17 36297
273 14 46711
488 3 37624
469 1 35388
279 9 34144
402 9 28255
277 19 33283
32 17 32144
113 11 30443
105 18 24034
74 1 26464
331 18 37507
224 5 29222
459 1 46001
262 13 30678
10 15 24655
412 1 3001
416 1 6455
26 8 7354
418 13 8645
265 6 14370
226 9 30365
262 14 6685
180 6 15500
475 4 47777
73 12 33318
360 2 8152
371 13 46455
411 15 28873
482 2 42228
478 15 34348
148 4 10549
253 9 36882
208 4 46820
226 17 36637
247 14 30389
422 14 17518
84 13 1123
269 5 628
135 6 8955
287 13 35631
55 3 49886
219 5 49595
186 6 44358
86 5 19716
39 18 27576
222 15 42429
189 19 41985
496 0 9912
404 7 2089
444 6 40477
88 17 3753
377 3 8922
165 4 13565
181 15 48318
329 2 23396
492 10 6559
395 2 7442
374 14 5959
387 2 39122
280 3 35845
491 5 47728
136 16 41610
263 15 36504
482 14 7034
122 16 270
40 9 15776
155 3 41148
417 1 49802
157 13 12583
83 10 28836
272 12 16769
491 17 27631
410 9 47129
120 12 22167
240 15 31651
427 16 46456
479 12 29844
447 15 12942
432 6 22558
163 0 28464
415 6 26318
127 19 19808
410 18 2855
103 9 23310
292 6 45809
444 16 13717
363 16 6271
224 4 37306
426 12 6509
70 15 36754
460 2 31696
300 5 48419
175 8 42471
471 8 46351
108 2 7792
148 16 1846
428 6 46523
68 9 44640
498 7 9087
126 9 13214
55 17 40180
430 3 17047
462 6 26522
438 5 39888
467 17 24082
65 5 20054
89 9 12006
167 10 7268
450 10 42761
339 6 5125
135 12 16454
317 0 14746
339 16 9315
114 12 15975
274 18 10758
200 17 29601
445 19 23131
479 4 5558
469 4 19236
259 6 47374
467 14 32111
327 11 33554
103 19 41045
405 7 20456
11 11 17151
491 5 43584
378 18 49221
241 19 21797
111 4 22028
225 9 37508
168 7 28757
222 5 14432
200 2 41648
326 8 25737
28 6 38361
131 7 28401
77 15 21907
297 1 48379
215 12 31678
462 2 3952
137 4 32943
142 16 21725
345 15 18929
397 19 41439
449 13 12274
351 16 32221
87 15 2715
300 7 3246
188 1 6641
230 16 39884
232 13 46197
352 10 34712
329 16 46981
330 17 30697
8 18 33030
340 17 20872
274 0 39083
48 1 5539
285 9 17446
216 4 4465
447 0 2985
408 12 7456
479 6 27771
120 14 23892
349 1 6297
340 0 18986
181 9 6340
389 13 863
322 1 4300
330 7 18671
340 4 3376
286 15 16675
279 4 9029
298 13 10181
187 16 6022
437 1 21800
260 15 4710
237 0 32450
347 19 22422
295 11 22921
439 19 45578
144 17 27485
164 2 9387
334 14 696
414 6 10598
474 2 18741
444 7 23397
453 6 4358
473 15 2650
153 13 9384
278 18 416
220 13 27418
59 8 4568
349 1 41117
279 10 44405
375 3 42455
294 11 10484
220 8 38616
195 2 8452
285 7 37614
140 13 5403
165 7 509
211 8 15880
384 3 47460
274 16 13039
173 17 40788
247 17 24242
294 10 42091
77 9 10184
447 11 20196
369 15 36599
42 1 47877
462 7 33248
335 12 48006
246 1 46226
55 5 8401
20 12 6018
428 2 20257
498 11 9251
288 17 7773
259 10 40929
330 10 6971
36 8 45650
466 1 9854
49 8 20453
298 1 6239
390 18 383
211 1 49369
294 11 44632
491 2 8365
109 5 27894
295 14 87
436 17 1482
182 7 2318
32 15 20652
11 10 8667
151 12 7418
387 8 48142
370 11 24251
288 2 16669
334 4 13274
38 3 8741
336 15 43314
273 11 45275
234 6 29817
246 0 32966
356 0 4790
470 17 25801
283 15 22011
482 0 43976
17 7 2765
80 9 42922
84 6 14343
130 11 30871
165 7 47878
137 2 40825
400 3 17130
298 18 43211
215 9 25686
210 9 48156
465 3 10225
143 15 34828
485 18 39171
244 8 18362
169 12 46657
54 8 8013
263 12 46752
127 8 13060
245 8 31369
40 18 37072
217 14 20066
125 0 7164
480 7 8104
215 2 6549
211 10 42047
250 7 29432
491 18 19465
168 13 20409
166 10 12596
321 16 19647
111 8 29046
407 13 12737
466 2 34133
479 12 12434
110 12 33066
163 1 4148
112 9 30999
208 18 5867
318 1 26327
11 7 25333
173 1 24675
147 12 29044
225 14 39804
171 16 39902
419 8 4345
388 1 32942
497 8 8858
152 7 12073
266 5 34296
344 2 26075
331 17 40621
355 16 2105
281 6 14003
415 2 19041
493 1 29809
273 8 6600
226 13 10060
404 9 26358
380 13 2998
414 11 37429
464 2 35312
212 4 10433
292 13 9603
140 18 8031
480 2 20249
161 18 13116
144 13 48467
388 5 22863
256 16 20815
222 13 46203
349 5 36300
146 17 46923
392 2 40637
462 19 25121
144 0 32544
8 16 31369
13 18 47317
322 12 40995
289 2 38464
359 6 31123
433 7 10840
199 6 9657
186 10 6272
462 16 30952
164 12 49877
42 15 18329
193 13 14547
353 10 23512
228 15 37581
115 14 48339
476 13 2507
291 16 34805
451 12 33910
417 3 35604
467 9 4389
102 8 5834
225 18 10227
303 15 25087
341 15 23119
372 17 48024
35 16 32197
90 2 7994
499 19 3418
252 19 19527
265 16 1818
93 2 3824
204 9 32190
423 2 934
230 11 32848
292 12 32785
258 8 4247
394 10 2453
330 3 44476
110 8 38168
164 1 43641
100 15 4411
142 1 45428
487 0 36970
140 0 33089
352 10 9093
172 8 9327
438 11 13273
125 6 41082
428 15 23295
142 10 4863
325 19 30255
177 0 17714
32 16 6319
152 12 48058
335 16 9831
366 18 15107
106 14 8182
108 0 9848
252 9 2472
271 13 29626
49 14 28871
265 6 35113
295 14 9020
94 3 46869
428 19 13713
459 0 882
426 5 15077
343 19 23760
147 7 43656
65 3 36708
410 15 5330
420 14 48651
34 5 38137
465 11 35280
468 16 46163
77 16 7922
188 6 9068
53 11 7051
391 13 41475
195 16 4392
81 14 7911
377 6 47412
123 9 16596
118 14 41995
190 11 44841
115 1 31020
320 6 42037
30 11 21977
306 3 37307
75 2 35756
121 5 22747
64 9 46360
228 10 1057
222 13 16331
61 0 6861
254 15 23542
208 2 43914
262 14 15265
77 7 9881
195 9 13404
93 14 39802
256 10 8859
213 11 36813
183 11 47226
251 17 42617
244 0 11926
55 7 32473
163 9 43889
161 7 34330
371 2 1623
5 12 26243
177 4 25872
19 13 42183
263 14 36646
79 18 20463
265 1 26134
303 2 8475
410 16 41568
22 17 34055
19 10 30998
82 15 38435
410 11 12584
284 7 14299
99 9 46059
189 14 35155
430 3 5865
169 16 19861
126 13 23429
88 5 2330
53 14 37522
290 10 31036
197 11 37869
82 14 2219
198 16 30666
420 7 49139
168 8 21663
124 11 15343
175 14 752
477 3 5350
94 15 41577
107 3 18886
14 2 42438
416 6 42677
5 19 23569
498 15 42164
357 18 31776
72 0 49486
236 16 4409
436 8 25375
377 19 27489
385 7 29602
77 15 786
2 8 41435
44 7 45769
380 4 16768
186 15 19847
72 1 6048
67 14 3163
6 1 1901
0 15 38565
240 12 34731
427 2 11431
478 12 27463
445 2 47931
458 17 1103
309 5 32400
366 1 39152
240 8 28156
498 14 18713
477 18 9133
82 15 41920
40 5 30250
78 12 9485
52 0 40357
388 7 32237
290 6 19600
204 10 10617
468 19 28626
482 19 31700
26 17 22631
232 9 33217
150 18 44631
304 2 39452
138 4 49497
296 12 33959
427 3 18845
450 5 26560
448 2 25401
66 16 39642
456 18 40666
301 13 41528
77 15 18322
442 7 27034
161 2 18928
346 6 49876
304 3 6249
190 1 935
397 0 4273
144 2 35840
306 12 14392
112 17 47367
252 10 8454
26 9 6921
380 9 27480
418 16 13575
483 6 13132
486 17 15306
22 8 41230
52 19 23367
366 12 821
431 18 14854
331 3 28683
369 19 3205
308 11 7327
206 16 49405
467 11 26994
215 16 24154
259 6 27640
301 2 6180
220 5 31326
426 11 21589
169 14 38183
497 18 31567
441 13 3569
183 14 36945
446 13 26996
271 2 34235
2 1 6475
77 3 47372
227 18 13054
265 17 46891
120 5 21641
480 9 44225
16 0 27647
150 8 26506
172 4 16246
176 8 38122
89 3 22118
260 15 31768
424 17 35309
201 0 29379
88 15 28533
302 0 26841
18 3 8167
279 5 22950
469 6 40606
83 7 14511
480 18 40424
348 6 30187
432 17 844
364 19 15201
148 2 30336
152 7 46102
120 12 12155
314 16 7196
135 0 34136
307 3 22833
439 18 27674
436 15 7270
261 3 43651
421 4 39847
493 4 24215
157 2 10823
214 12 4306
229 18 36112
136 6 49162
184 4 24584
385 9 24876
336 14 41965
110 12 14670
144 0 7299
221 2 2517
492 5 7571
151 14 43033
472 18 41861
98 9 42150
128 11 4770
159 5 21991
91 10 44903
93 18 38218
6 16 24491
48 18 49249
267 18 4358
71 8 19167
53 18 44397
473 2 2162
49 3 29214
259 4 43385
258 17 49553
403 12 48700
7 1 46754
181 14 25162
387 5 43919
260 9 42235
206 11 27586
375 9 4151
468 18 26261
405 7 23118
65 19 5345
59 5 8774
409 13 46540
423 1 20818
258 6 41320
489 12 31261
269 14 14367
453 12 4156
347 0 33209
355 13 16105
159 17 29382
326 19 38223
372 19 27297
451 2 15539
468 15 246
11 3 4015
414 12 19298
76 1 10393
128 14 2362
486 16 40615
264 12 2666
197 15 12156
432 15 19428
364 12 12762
116 5 37490
490 0 46556
443 19 26783
145 14 23590
311 6 13937
17 3 24230
254 2 26039
196 11 16696
97 14 32930
44 0 34847
397 5 14241
207 1 29842
385 9 49137
419 13 30553
34 5 13651
413 4 47963
136 7 24871
278 15 12580
235 19 23534
292 5 20860
259 16 40376
124 8 10388
119 3 24641
137 6 24039
76 5 29152
200 8 33881
266 9 7950
307 5 49021
321 7 36054
82 6 2842
166 13 23864
86 17 14009
255 13 42085
121 6 19811
155 16 11352
139 18 26411
41 11 47606
167 8 41609
74 10 39282
14 17 16893
88 3 26455
19 6 28043
271 16 33247
36 18 6773
46 1 21607
483 17 16484
23 12 8919
307 9 28896
106 13 11190
67 1 45730
484 17 5125
364 18 23094
402 15 1301
99 11 42667
470 4 2166
42 7 37012
222 2 3512
365 10 40310
338 7 37628
382 7 22628
386 0 31087
292 19 16239
25 10 44957
478 11 11509
89 10 6127
324 1 15088
135 8 3086
129 3 26034
263 6 25853
4 19 26422
133 7 7517
110 16 29840
35 4 10019
132 8 31815
409 13 43313
421 8 22755
112 16 16285
304 2 49018
222 17 15714
43 19 26215
497 4 39133
447 10 36507
396 2 7230
321 16 44662
117 7 9648
125 18 45816
273 7 12638
49 3 40920
404 2 41827
388 18 9958
356 17 4224
140 8 47945
449 16 22378
450 10 2468
36 10 1294
484 17 48367
489 7 34469
469 8 14803
256 13 5365
223 2 44485
320 17 18506
227 2 34349
331 13 13648
130 16 608
97 5 10070
349 10 4192
171 8 40932
237 9 11464
298 11 39111
453 18 12660
9 6 6004
64 14 27588
126 17 20817
477 9 15124
18 16 7012
231 15 353
133 16 22645
172 2 19688
12 8 21885
484 13 16755
204 6 41812
296 17 5968
22 2 31468
327 2 6545
69 14 4946
213 11 47859
343 15 16561
486 1 10852
359 18 3432
149 14 2509
461 5 4012
287 3 7146
278 6 4103
246 5 3512
108 17 22070
297 15 30203
471 1 48853
277 14 5720
423 13 23071
114 11 18637
234 14 24175
433 11 46073
434 5 35186
384 2 16980
476 2 34581
347 7 48480
170 13 47727
218 3 9529
418 2 1974
108 7 38770
378 14 29014
283 2 38103
139 11 23538
283 2 42245
41 7 36449
320 16 31533
106 8 3452
257 19 49043
61 5 1568
357 10 3542
447 14 6967
239 2 27544
12 19 2689
82 11 45607
418 10 10990
50 5 559
91 19 19365
15 13 46126
165 11 1476
73 16 5747
485 3 29678
288 1 2248
37 1 15157
59 19 43342
428 6 47097
108 7 28037
88 19 37309
312 4 37465
114 6 47538
460 10 5773
260 15 46598
31 3 1255
274 8 20072
39 15 37766
93 7 9896
369 11 46525
321 0 49918
312 8 23338
316 19 48108
194 16 44611
236 18 2304
370 10 26529
440 1 29299
472 16 44017
193 18 31193
311 15 21686
365 18 1902
260 2 1958
56 6 31342
57 3 19688
397 5 23279
276 6 14758
465 3 26099
382 17 42623
24 0 34792
150 4 652
333 4 41877
263 15 5903
159 2 31407
381 0 39554
229 19 26546
330 9 34970
376 5 24200
365 5 28510
302 10 47341
217 16 37062
209 11 21584
275 19 11591
392 16 39889
26 11 37419
295 12 31047
71 10 11128
181 9 47048
126 7 30188
315 15 692
196 0 9564
486 1 19324
163 6 19388
123 5 38196
1 15 21788
337 7 3995
125 12 40116
249 3 3804
87 10 37920
279 14 29558
332 9 29047
450 6 39034
297 15 8898
143 15 5266
309 2 12376
291 8 44410
135 7 26281
189 13 20740
227 17 969
399 15 5776
342 4 7959
67 1 17472
321 13 32005
87 17 9959
53 3 5763
0 11 48612
26 12 46180
234 4 26453
202 11 6581
39 19 48294
52 16 2884
351 0 14306
378 16 3257
192 11 32271
158 16 31635
23 3 32064
159 7 37956
434 19 44485
416 11 43791
473 16 42055
12 0 44458
397 18 20567
56 13 27601
368 16 20193
181 10 6616
250 7 41900
254 4 38702
328 8 15993
485 0 5551
434 17 29965
102 16 31171
33 3 12034
283 1 38318
288 2 40966
59 13 30357
258 19 29758
10 3 28308
406 4 24509
131 19 18078
476 4 20629
204 17 3218
489 0 17820
93 11 38764
496 9 16630
350 10 22141
369 16 13051
430 8 25076
233 15 9689
56 15 16201
365 19 14755
115 3 40749
317 10 27152
111 18 20521
493 15 48824
328 14 35062
430 19 46318
319 4 33495
319 10 48737
25 14 24235
114 4 9891
426 7 31412
5 12 36600
105 7 27967
34 16 9748
78 1 40976
418 8 13204
366 13 40387
250 8 13188
85 1 1187
223 7 46314
419 16 22249
403 0 12069
262 5 5505
371 14 26655
380 12 44105
112 3 22119
465 19 7144
286 5 33931
176 19 6791
451 9 44805
109 15 26068
21 11 17053
421 9 37496
82 17 11800
335 15 45491
406 17 36388
459 0 12708
269 17 28792
271 10 22027
260 5 27730
147 14 14036
288 14 45911
398 16 15738
310 18 37524
315 14 7773
235 15 11299
30 1 34007
31 16 36030
380 14 43893
64 5 19651
445 18 11530
227 8 16910
302 1 9434
430 5 22615
212 18 8921
303 2 41272
330 1 38313
122 5 277
274 13 38117
154 17 12378
231 9 20639
100 0 7536
40 2 7436
66 19 45554
212 3 47276
306 1 42218
368 2 46702
248 16 46918
473 19 7261
143 18 17131
306 6 36110
32 12 25981
83 16 47514
406 11 39514
383 16 29149
82 3 8146
477 6 30445
99 6 32961
373 4 41381
141 6 7632
94 11 30282
10 13 21294
400 7 12253
475 7 12801
85 10 38745
356 7 11826
314 12 48653
414 18 40781
133 2 46140
360 10 23287
105 0 33171
65 12 23885
145 8 33096
24 8 10885
39 14 34716
466 17 40793
29 12 17403
7 4 12300
