1000 50 5000 50 500
114 214 252 326 372 543 168 835 428 597 733 807 532 418 640 687 468 750 233 559 108 826 349 492 72 58 788 385 671 646 187 285 194 368 514 707 354 738 362 887 691 222 87 533 295 840 134 471 613 409 311 293 94 250 586 64 441 772 231 538 691 554 531 557 517 438 893 385 648 122 79 451 840 669 478 204 709 449 884 264 330 216 341 555 602 425 684 523 343 676 441 155 460 498 868 280 87 804 779 849 197 131 400 226 408 774 320 774 718 853 466 809 238 500 455 739 297 286 616 156 699 877 235 375 400 692 634 732 580 748 611 835 223 668 483 496 291 306 264 344 687 394 892 354 338 72 259 480 748 422 266 631 544 697 880 367 876 210 406 532 297 636 154 318 722 758 200 116 678 827 405 493 851 844 73 268 734 581 538 155 491 440 106 747 736 642 525 659 574 667 705 739 303 694 646 896 442 172 252 778 875 620 637 362 710 729 444 687 699 511 688 724 288 712 183 707 665 416 305 309 217 78 153 631 543 793 370 214 440 332 762 543 701 95 467 190 437 620 419 657 121 653 213 142 187 227 153 467 273 470 227 374 765 579 81 475 405 436 149 114 231 382 80 726 503 814 379 769 371 304 168 536 491 558 694 377 612 238 664 727 504 722 878 871 369 604 201 228 597 555 600 791 75 787 253 348 544 72 169 637 893 305 552 121 429 776 135 688 803 717 365 585 354 433 63 508 263 516 355 119 163 574 850 163 135 492 819 533 704 456 555 566 785 244 194 103 314 296 154 819 492 804 256 52 315 54 706 507 142 617 517 125 323 201 259 467 650 323 298 576 466 66 341 849 59 161 589 602 441 417 193 599 354 547 889 842 301 357 481 667 821 668 370 190 118 426 895 290 763 133 150 443 833 864 288 805 852 80 326 420 369 129 770 676 244 684 389 628 162 161 570 752 521 561 753 162 354 501 569 733 237 565 421 234 147 234 315 538 654 853 587 583 298 295 593 263 182 499 685 524 875 389 209 183 358 459 313 605 171 571 773 487 524 630 588 187 668 202 94 379 324 790 418 372 125 704 769 675 64 156 458 461 554 883 511 511 310 519 553 846 683 320 892 734 486 124 56 215 646 825 812 675 318 643 684 368 867 390 697 705 791 786 305 799 304 584 99 86 546 546 849 503 700 813 361 839 767 469 716 757 718 381 553 86 680 723 269 138 705 717 654 690 863 68 116 337 180 432 545 198 100 184 453 725 342 692 438 406 459 848 208 563 713 417 79 512 605 120 290 255 899 718 505 705 638 277 587 76 305 699 648 454 510 776 468 384 582 596 342 130 255 666 595 701 336 233 430 678 787 723 280 122 285 678 716 80 657 310 110 721 675 364 520 564 415 361 707 511 404 518 768 338 337 229 370 444 840 88 92 72 107 759 549 663 610 74 881 359 197 873 258 285 148 848 89 252 417 378 321 260 898 878 574 859 66 198 480 769 830 217 121 285 294 160 232 172 828 201 761 405 132 237 839 239 746 121 52 164 374 298 646 207 189 854 636 473 365 568 203 164 778 451 427 518 584 862 629 477 868 790 618 350 471 258 856 752 151 601 725 329 895 141 654 676 287 696 669 845 466 855 340 234 80 849 187 248 719 109 114 537 502 206 68 424 642 396 377 115 843 508 896 82 659 672 251 477 293 576 624 611 220 750 840 472 545 784 447 717 696 459 813 639 535 282 704 490 547 871 254 652 865 216 424 866 407 809 774 697 478 101 523 732 790 348 768 351 357 322 269 292 101 106 114 562 220 452 666 671 211 890 756 536 642 661 143 479 734 818 111 365 731 611 153 729 809 76 303 535 137 159 627 241 159 224 788 863 764 212 833 171 655 172 261 465 779 369 664 426 773 186 529 288 70 269 101 642 313 320 104 560 833 227 244 781 597 826 438 274 689 551 723 398 859 418 243 244 887 547 503 356 295 673 269 476 106 688 369 655 866 158 533 568 883 714 682 143 764 287 129 127 536 220 486 429 441 868 613 94 868 613 129 478 741 564 396 276 192 614 520 566 249 268 548 497 260 868 590 466 617 381 72 661 548 781 668 649 228 568 740 633 141 342 718 670 417 152 819 611 848 794 154 697 65 874 863 308 629 468 314 516 329 301 310 202 177 357 244 767 163 364 185 171 140 385 598 813 332 608 122 444 229 137 675 84 650 179 693 599 192 256 484 188 241 637 744 750 720 142 691 634 786 291 682 878 715 424 239 696 262 413 95 481 599 511 170 227 748 792 90 351
4629 46
0 7416
1 9726
2 1923
3 9072
4 9213
5 2724
6 3511
7 9109
8 5549
9 1626
10 8172
11 6452
12 4376
13 8491
14 9996
15 3420
16 3864
17 8648
18 3339
19 8270
20 3473
21 5663
22 7302
23 3995
24 2665
25 8581
26 3533
27 2255
28 6459
29 6609
30 3899
31 3695
32 5331
33 9165
34 1707
35 1904
36 4746
37 8020
38 7930
39 4355
40 5686
41 1220
42 7272
43 2950
44 9083
45 4914
3120 41
0 8469
1 2358
2 1064
3 8503
4 2415
5 2009
6 2271
7 1447
8 8121
9 9585
10 4247
11 7289
12 8066
13 7581
14 5900
15 5994
16 5178
17 8653
18 3267
19 6838
20 8460
21 2398
22 2038
23 6638
24 2941
25 2735
26 9287
27 6359
28 6980
29 4497
30 5287
31 9886
32 1975
33 2095
34 9879
35 3641
36 6616
37 9659
38 2092
39 8611
40 4509
5977 32
0 5700
1 3588
2 9672
3 4231
4 1234
5 3460
6 9336
7 7805
8 4040
9 4217
10 1427
11 6297
12 1721
13 3524
14 3880
15 2948
16 2877
17 5019
18 8330
19 4243
20 1458
21 4607
22 1356
23 5377
24 1907
25 9609
26 7690
27 9381
28 5382
29 6388
30 8108
31 8264
2775 13
0 7959
1 5809
2 2579
3 5390
4 8172
5 8014
6 2317
7 4884
8 6139
9 7826
10 5954
11 8608
12 1536
6579 22
0 6099
1 5080
2 3082
3 9108
4 8237
5 5672
6 5419
7 8640
8 8402
9 4812
10 3466
11 3647
12 4793
13 9740
14 5588
15 9816
16 2930
17 3861
18 2188
19 2121
20 5844
21 1494
9340 41
0 3729
1 3256
2 6903
3 3151
4 1047
5 2448
6 5339
7 8726
8 8413
9 5134
10 1395
11 6316
12 3863
13 8014
14 6138
15 8792
16 6646
17 7203
18 8463
19 8580
20 9839
21 8225
22 8519
23 2320
24 9361
25 3507
26 7174
27 6249
28 7610
29 1365
30 3126
31 1954
32 3231
33 9534
34 1816
35 1391
36 9280
37 5183
38 9630
39 6793
40 3838
3745 18
0 9505
1 7106
2 4040
3 7067
4 7301
5 7563
6 1769
7 3120
8 8455
9 7881
10 5746
11 8541
12 5129
13 7964
14 2519
15 4108
16 8252
17 2998
3264 33
0 8779
1 9955
2 8229
3 1427
4 8295
5 2094
6 8116
7 5753
8 9687
9 7071
10 8753
11 2744
12 8532
13 3382
14 2477
15 4181
16 6517
17 5368
18 6579
19 1236
20 3659
21 1919
22 6336
23 3851
24 6288
25 1028
26 1944
27 5486
28 8375
29 8368
30 2271
31 9081
32 1727
6078 3
0 2738
1 1157
2 3660
4929 25
0 9594
1 3997
2 3575
3 4351
4 1885
5 9155
6 8257
7 7536
8 9871
9 9259
10 4673
11 6343
12 2419
13 4404
14 4825
15 2458
16 3363
17 6452
18 5284
19 5870
20 1663
21 3117
22 1573
23 6224
24 6083
4864 15
0 8738
1 6322
2 1543
3 2950
4 7629
5 4126
6 8013
7 8255
8 5570
9 7596
10 1337
11 1832
12 5080
13 9577
14 7327
8419 39
0 6182
1 2537
2 8589
3 3542
4 7599
5 6722
6 8672
7 2228
8 4738
9 8508
10 4160
11 6853
12 5214
13 7785
14 1237
15 9433
16 2559
17 3980
18 1043
19 8029
20 8097
21 6919
22 3769
23 1076
24 8096
25 5694
26 5373
27 2918
28 5628
29 2441
30 3868
31 5291
32 7259
33 5652
34 6306
35 7080
36 8659
37 2317
38 5246
5579 14
0 7216
1 1791
2 7486
3 7618
4 7692
5 9836
6 3331
7 6020
8 1750
9 6078
10 8666
11 4583
12 8718
13 7457
1843 18
0 7493
1 4340
2 8796
3 1163
4 3819
5 2841
6 5336
7 2062
8 6994
9 1471
10 1371
11 7588
12 2696
13 9218
14 5616
15 3662
16 2795
17 3161
2337 17
0 5394
1 1525
2 8012
3 4809
4 1863
5 4485
6 3935
7 9787
8 7468
9 4699
10 6862
11 9674
12 7096
13 6758
14 3617
15 7853
16 5505
4697 29
0 3783
1 7119
2 6686
3 4201
4 6730
5 1917
6 7830
7 3574
8 8977
9 3076
10 9311
11 8894
12 9978
13 4028
14 1513
15 3806
16 9460
17 1973
18 4191
19 8119
20 1710
21 2665
22 3650
23 9969
24 8605
25 9942
26 9341
27 8520
28 5076
6256 21
0 1995
1 2578
2 5299
3 2966
4 8697
5 3970
6 9879
7 7986
8 3884
9 6854
10 6838
11 1958
12 6780
13 8303
14 5848
15 6724
16 5806
17 8857
18 1275
19 9060
20 4443
1997 13
0 4452
1 8689
2 9580
3 9200
4 5131
5 8132
6 4415
7 6113
8 7955
9 7464
10 6275
11 7923
12 5392
3931 12
0 6552
1 3330
2 7987
3 9745
4 6902
5 2826
6 3360
7 3139
8 2225
9 2183
10 3456
11 7827
1310 32
0 8305
1 3982
2 5753
3 9513
4 9561
5 3367
6 2654
7 2458
8 5967
9 4641
10 7362
11 7947
12 9800
13 1402
14 1570
15 5208
16 3950
17 4858
18 5061
19 9552
20 4168
21 2640
22 8238
23 9460
24 8731
25 8067
26 8675
27 9140
28 7832
29 6113
30 2097
31 1387
8832 26
0 3082
1 8645
2 3226
3 2711
4 8583
5 7403
6 9348
7 5304
8 7031
9 3528
10 3417
11 8480
12 7534
13 2368
14 9821
15 1624
16 4898
17 8989
18 9585
19 9620
20 1197
21 6012
22 5553
23 6787
24 9637
25 6559
4805 39
0 2169
1 2830
2 8675
3 7017
4 8052
5 9634
6 6923
7 3195
8 3352
9 3367
10 6598
11 7742
12 8398
13 3897
14 4447
15 8969
16 8331
17 6662
18 9701
19 4854
20 9531
21 6132
22 8719
23 2612
24 2012
25 6929
26 6347
27 6326
28 6499
29 2845
30 4967
31 5967
32 2110
33 9196
34 2543
35 1396
36 6087
37 2907
38 1142
1319 10
0 9817
1 2983
2 5976
3 5728
4 4213
5 5592
6 4150
7 7193
8 7962
9 7279
6470 45
0 9694
1 6394
2 2723
3 3452
4 3634
5 6910
6 2561
7 9626
8 9451
9 7112
10 4060
11 5713
12 5391
13 9133
14 3893
15 8177
16 3760
17 3216
18 5775
19 9120
20 4036
21 5133
22 3451
23 8715
24 9781
25 8875
26 5694
27 3914
28 5429
29 8483
30 7461
31 7981
32 7558
33 9644
34 4621
35 6491
36 1496
37 1841
38 5714
39 7092
40 9121
41 1637
42 2820
43 4050
44 9770
4590 3
0 5123
1 9799
2 3234
7573 11
0 2347
1 8320
2 7725
3 9371
4 1266
5 9292
6 4655
7 7349
8 9047
9 4827
10 8095
1039 20
0 9069
1 2481
2 7858
3 9622
4 2690
5 4240
6 7645
7 8968
8 1902
9 8118
10 7447
11 5845
12 6872
13 6797
14 8052
15 7244
16 9170
17 5319
18 8351
19 5357
3708 8
0 1854
1 8400
2 9970
3 4184
4 8750
5 6850
6 3550
7 3711
3626 31
0 6823
1 2265
2 5192
3 4945
4 4098
5 5157
6 4824
7 1405
8 9696
9 8798
10 5094
11 5569
12 1297
13 5505
14 2302
15 5925
16 5484
17 7738
18 6327
19 3866
20 4707
21 7445
22 5987
23 4981
24 2057
25 8688
26 2215
27 4597
28 2977
29 3805
30 8113
1055 4
0 8667
1 4956
2 8452
3 6770
8356 32
0 3398
1 2841
2 8986
3 2096
4 6937
5 5095
6 4564
7 8181
8 3402
9 5401
10 7023
11 2736
12 2644
13 4964
14 4566
15 1083
16 5733
17 3284
18 8809
19 6200
20 7031
21 6456
22 7869
23 8923
24 9181
25 7076
26 5586
27 7747
28 1345
29 2467
30 2705
31 7109
7924 25
0 3299
1 4299
2 1975
3 7029
4 8850
5 9284
6 3438
7 7452
8 9034
9 4294
10 6893
11 9427
12 5578
13 3702
14 5619
15 2466
16 7755
17 5309
18 9815
19 2786
20 4100
21 7247
22 8817
23 6147
24 4087
3577 8
0 8769
1 2079
2 6362
3 4275
4 5935
5 9206
6 1324
7 1681
7405 6
0 5575
1 4727
2 2806
3 1993
4 6966
5 8406
8849 34
0 3777
1 3182
2 8421
3 9507
4 8389
5 2997
6 1943
7 9804
8 7512
9 5708
10 7148
11 5830
12 1935
13 3971
14 1086
15 6048
16 1423
17 5433
18 7939
19 4694
20 4164
21 9605
22 8907
23 8933
24 3585
25 7732
26 6182
27 1271
28 3490
29 2885
30 2410
31 9286
32 2857
33 3136
3674 49
0 5713
1 1544
2 9661
3 4971
4 1301
5 7558
6 4005
7 1503
8 9790
9 5610
10 8127
11 4459
12 1096
13 9670
14 1112
15 5032
16 2351
17 7757
18 1928
19 7592
20 4617
21 7089
22 3848
23 8265
24 1693
25 2473
26 3175
27 9998
28 4968
29 2316
30 1084
31 4582
32 4567
33 6279
34 5653
35 2107
36 3844
37 5780
38 9748
39 5422
40 1915
41 6111
42 6875
43 6763
44 7595
45 3302
46 8721
47 3807
48 9205
1516 43
0 3723
1 8065
2 8558
3 1874
4 5849
5 7299
6 3384
7 4292
8 2580
9 7269
10 8885
11 5506
12 3565
13 4678
14 8508
15 7215
16 9784
17 9360
18 3744
19 9753
20 3245
21 3815
22 2726
23 9186
24 4135
25 3056
26 6069
27 7907
28 1161
29 9031
30 7770
31 3924
32 4049
33 8175
34 4161
35 8828
36 7163
37 2067
38 1362
39 5345
40 6888
41 2724
42 8702
2344 48
0 4408
1 4462
2 7055
3 9134
4 7002
5 2543
6 8498
7 3119
8 8784
9 4594
10 2298
11 6913
12 1014
13 7436
14 5892
15 7613
16 7349
17 8360
18 9972
19 9762
20 2063
21 2596
22 4969
23 8780
24 9453
25 5087
26 3544
27 2477
28 4584
29 5497
30 3727
31 2808
32 5898
33 7643
34 2099
35 5142
36 6365
37 2171
38 3332
39 3711
40 6385
41 9773
42 5350
43 4421
44 4377
45 5713
46 6340
47 3610
3136 9
0 4892
1 2718
2 3841
3 7194
4 4491
5 6026
6 7024
7 5139
8 6817
3195 0
5972 40
0 4998
1 7905
2 1017
3 6029
4 9863
5 7590
6 8144
7 2863
8 1024
9 1698
10 2213
11 8811
12 2610
13 8341
14 4202
15 7055
16 8691
17 3967
18 7278
19 9281
20 2639
21 8012
22 1310
23 7889
24 3691
25 4015
26 2663
27 1345
28 1138
29 3331
30 1497
31 3632
32 5763
33 8711
34 3116
35 1837
36 6187
37 6026
38 3336
39 3668
4822 11
0 8973
1 6485
2 7714
3 9685
4 9212
5 7232
6 7585
7 6218
8 5914
9 7050
10 5170
5782 48
0 6909
1 5773
2 6300
3 5024
4 3128
5 3977
6 4374
7 7201
8 9195
9 5578
10 3698
11 7292
12 2667
13 5358
14 9607
15 5461
16 8654
17 7398
18 6177
19 2384
20 2319
21 5985
22 8389
23 4381
24 4501
25 3104
26 8668
27 5650
28 5160
29 7378
30 1472
31 6966
32 8618
33 5363
34 1543
35 8816
36 5233
37 1887
38 3279
39 4100
40 7910
41 1778
42 7793
43 6627
44 8630
45 3519
46 2460
47 5922
8976 44
0 2908
1 3102
2 7712
3 7523
4 4800
5 6540
6 6525
7 8620
8 5996
9 7569
10 3930
11 1860
12 3172
13 7274
14 6203
15 8896
16 6891
17 2251
18 1841
19 1671
20 7103
21 3938
22 1836
23 3208
24 5334
25 7311
26 7527
27 2910
28 9732
29 3070
30 3859
31 5782
32 3467
33 7261
34 8141
35 9937
36 5886
37 2667
38 7681
39 1104
40 6063
41 6550
42 1448
43 4951
2383 7
0 9164
1 4606
2 1783
3 1411
4 6709
5 2191
6 3586
9476 0
9343 27
0 6268
1 2085
2 6466
3 6692
4 5393
5 1488
6 5639
7 4694
8 8117
9 5623
10 2349
11 7514
12 5918
13 8633
14 9018
15 3803
16 9417
17 9373
18 9294
19 8698
20 6242
21 5442
22 2452
23 6771
24 1177
25 6787
26 6828
7940 30
0 8798
1 9445
2 1455
3 8219
4 8811
5 4318
6 5034
7 7956
8 2527
9 8746
10 3776
11 7749
12 1378
13 8076
14 4925
15 3569
16 6578
17 2382
18 8632
19 9083
20 5393
21 2551
22 5438
23 9928
24 6646
25 6324
26 6904
27 8854
28 3243
29 4477
5890 47
0 7359
1 1675
2 5578
3 9422
4 1600
5 9980
6 9858
7 7487
8 9580
9 6417
10 7990
11 6393
12 9310
13 9243
14 8196
15 6794
16 8566
17 1644
18 4811
19 3814
20 2879
21 6105
22 5336
23 6822
24 8580
25 3389
26 8839
27 7153
28 7784
29 6641
30 9583
31 3724
32 6496
33 4403
34 3306
35 9601
36 2245
37 5316
38 4059
39 9963
40 3761
41 2593
42 8434
43 3314
44 2469
45 1739
46 1051
9524 42
0 2106
1 5785
2 4943
3 3824
4 1455
5 5579
6 4704
7 2637
8 8683
9 9403
10 2991
11 5769
12 9408
13 1123
14 4920
15 8128
16 5064
17 9612
18 2643
19 8560
20 7905
21 6566
22 8812
23 9504
24 3143
25 8009
26 6640
27 6039
28 6787
29 4086
30 9161
31 7432
32 4693
33 7047
34 2478
35 5092
36 8225
37 4132
38 6343
39 5937
40 7101
41 8810
514 33 47568
505 34 38288
824 18 5662
784 48 37964
953 18 18591
640 29 23981
457 43 30860
621 43 21863
75 6 18507
863 8 31245
139 11 6406
315 11 49040
707 36 5866
267 38 12306
124 13 25450
554 49 26464
844 44 44337
710 4 27720
909 12 9783
549 39 44298
166 20 4525
1 33 44981
530 3 33954
26 40 22694
327 8 28775
371 23 20954
798 24 17003
712 8 40193
969 45 14124
928 44 43040
917 45 9568
900 25 49071
869 46 35495
738 34 22137
206 6 47439
407 7 27943
32 30 27690
610 45 46884
502 9 18468
640 28 4797
319 3 9111
962 44 15636
278 17 3741
489 30 43192
961 35 33271
747 48 20824
953 10 148
164 43 48971
712 7 1416
120 0 10919
834 7 20600
249 40 6773
4 21 38844
109 25 4167
729 4 31317
378 4 37111
159 26 11757
407 37 39254
432 35 5360
401 19 4399
874 43 25463
64 27 7105
374 38 28736
830 10 5649
496 25 22267
91 9 8892
115 36 49718
712 32 978
512 26 20107
229 4 30647
796 27 28454
351 38 33931
623 20 11215
818 33 35812
779 11 48082
563 18 44333
47 43 30057
659 26 15537
741 49 19121
557 11 23363
439 45 31251
93 38 5967
116 5 49700
723 31 3626
770 3 39113
759 26 49685
951 45 38825
872 10 34122
341 35 47142
123 16 6324
443 26 46880
573 14 17685
593 47 25173
224 7 5683
714 6 20347
209 32 23659
242 35 23846
288 5 5112
894 42 49783
518 22 1930
513 13 44640
680 41 45513
58 41 28049
979 7 43892
700 13 38469
552 30 21322
971 9 28939
162 33 8451
693 18 20512
527 9 39853
276 33 34026
287 23 17504
282 44 34230
145 15 4196
230 4 49255
684 46 19249
707 41 30908
8 25 27059
910 15 36506
129 10 15644
85 46 31091
834 47 34740
866 41 1814
539 10 47249
642 14 3290
902 40 37181
800 10 6297
934 5 9998
905 42 27583
922 48 4010
567 14 19271
458 0 27491
961 3 8114
9 34 21310
600 43 12791
376 43 8842
734 30 43067
256 28 46137
718 21 4149
348 30 45267
685 11 42340
534 38 15299
176 14 26779
979 40 5340
430 6 48026
996 43 19868
435 37 26005
598 40 49345
245 39 20087
948 0 5306
72 16 23015
675 17 23681
969 13 1763
929 41 45448
112 32 29503
223 31 28775
256 40 27752
65 47 29944
867 2 5270
694 46 11327
590 37 6617
709 8 40493
11 7 19019
265 2 46195
857 45 8770
65 30 16380
265 42 48066
499 46 9281
967 44 33616
454 9 17594
945 48 4966
577 31 32064
97 1 1819
206 31 14636
364 18 7315
78 26 38357
331 0 7554
661 29 13834
118 14 20808
875 4 33305
288 17 28547
224 28 33258
286 43 46680
76 9 3386
305 13 28796
196 44 8134
730 39 43560
288 11 40431
815 4 13365
62 34 5114
260 15 33753
353 0 7371
994 9 795
655 42 9795
570 25 31398
336 38 2055
548 49 40257
300 8 40716
891 32 33155
998 5 28446
829 34 13997
443 44 38256
235 24 8364
886 11 38615
901 27 14342
305 30 11283
676 46 13838
403 44 44361
367 23 24083
122 27 37260
931 31 5007
426 0 13619
144 38 33240
983 33 1781
316 11 23471
484 23 21808
346 34 44525
452 28 32142
34 38 12684
233 11 47025
233 40 15793
251 14 17151
352 31 26260
969 7 24970
627 48 17913
775 31 17910
516 40 18175
873 48 32216
627 4 32691
101 7 4931
382 30 34660
0 20 20032
74 46 42771
975 45 15954
107 23 25321
653 19 45258
554 47 10234
631 19 43042
64 6 5094
133 21 34283
989 28 13745
233 30 40825
887 42 40983
145 35 20020
838 16 40285
927 8 21347
275 46 43402
464 31 19483
923 43 11103
61 40 29349
662 15 20050
14 3 40057
732 1 27873
127 28 27412
210 31 41213
599 12 13530
633 9 27045
22 5 7417
123 0 14394
978 25 37737
155 46 45627
733 49 31019
161 22 28520
321 7 47353
124 21 32506
406 21 13107
721 7 36960
795 41 8063
493 49 38729
407 14 46790
978 44 2270
273 12 8628
477 25 5546
732 23 11024
123 37 47545
634 3 42705
949 27 9908
51 38 29983
443 29 38121
678 45 38857
787 36 22939
161 29 1400
453 32 28373
463 14 13324
629 30 16573
448 10 35610
825 47 18857
367 24 33673
181 15 18458
176 13 40122
890 27 12479
154 9 45646
876 38 45764
495 8 33128
389 13 31217
245 13 7709
793 13 12852
222 25 18378
673 32 46341
154 38 5872
513 47 8844
489 8 12233
800 12 30124
787 9 30438
264 20 11593
800 15 41525
545 21 19206
228 46 39691
818 36 49149
446 15 30699
680 36 1659
59 25 29217
951 44 36795
894 35 40151
860 4 13608
791 17 26623
110 29 11553
899 35 35753
974 20 2036
195 5 28106
765 19 12739
321 22 4883
841 46 22820
965 5 45228
806 4 27163
780 10 4860
199 26 40724
535 5 4823
185 27 33803
217 19 47424
38 40 12625
323 5 49450
353 37 31883
376 18 15794
458 42 5729
671 35 4582
64 39 36443
976 25 18188
707 2 37401
868 19 9860
958 2 13184
172 12 17946
198 49 49490
127 2 30965
633 29 20742
848 3 8736
293 24 47264
470 1 23002
268 35 39580
329 39 31567
336 48 2074
48 35 14966
98 5 17076
944 43 10833
611 18 35971
679 18 35555
835 26 45797
384 21 5178
634 39 19037
617 18 34859
720 45 9077
991 14 6608
786 8 2982
266 42 4848
695 5 46005
908 44 2202
657 23 4613
595 19 12328
171 13 35746
441 22 26111
589 30 1244
29 19 49303
9 39 48610
146 46 33179
671 7 28344
545 9 38754
419 39 36565
56 26 37617
202 2 31583
900 15 16570
9 46 2039
302 26 10743
560 11 32425
574 18 9900
368 20 1474
896 3 35787
271 15 43250
766 18 13283
633 21 24467
344 13 22974
270 24 37673
301 40 49853
481 46 20891
910 34 32576
528 7 18144
356 41 17342
181 23 47199
536 4 36536
976 36 40564
269 8 793
825 17 15226
178 1 12008
924 44 9210
151 14 36586
789 47 35080
439 19 46179
485 1 45571
942 48 6173
977 44 48228
418 2 44591
820 48 11610
629 22 17527
307 43 30820
310 29 12336
538 29 27311
44 32 45502
854 4 23395
28 45 44864
961 3 35042
659 34 20136
133 38 20275
409 42 19506
154 0 39036
928 1 17994
458 31 29150
526 49 16420
486 37 28322
799 27 37869
157 27 30461
258 28 22837
508 29 32151
905 19 6546
589 1 45871
863 45 32607
635 36 17374
123 49 39299
87 21 1708
352 16 46123
226 15 31331
301 33 35833
324 12 18635
300 13 39094
88 11 20171
198 16 46315
103 19 16107
88 7 45463
429 49 37128
301 6 14740
932 17 33810
982 34 33614
737 40 46313
40 39 22880
665 43 29221
16 11 1223
90 3 40768
487 38 9656
919 30 31952
282 49 42626
140 43 16017
188 27 36081
785 42 7704
158 37 33758
591 43 45165
569 23 37622
392 25 750
193 41 44426
687 16 24813
167 4 17869
324 19 36177
301 6 540
187 46 41895
363 43 36919
483 48 33848
2 26 26451
15 25 9336
470 31 46185
28 19 48492
148 32 8122
767 25 8855
244 8 48680
766 36 32049
98 3 230
894 43 28859
889 9 24031
334 26 19006
865 14 23941
32 18 1076
825 33 48406
902 4 37687
123 0 30349
145 44 1862
690 31 8186
837 40 2081
35 29 10891
326 35 38257
628 49 48619
764 13 49931
88 44 19135
758 37 32976
468 22 14531
676 35 49386
585 3 22685
896 15 1693
498 25 43103
148 34 47947
526 35 7352
90 21 14484
174 28 17422
191 27 30265
714 3 33124
860 38 14120
97 41 45012
20 13 22617
989 12 34352
522 20 8809
696 40 7615
723 25 43978
154 38 13402
731 48 13694
951 11 18286
776 32 35653
762 40 487
422 25 208
926 26 13162
926 10 46347
843 24 16263
831 13 10455
980 20 15731
675 27 39093
873 25 31295
668 31 40804
678 15 37710
783 34 786
621 24 45613
748 49 48878
659 6 26680
974 13 22705
89 12 16827
22 24 14219
670 16 16643
223 1 15931
649 27 32021
592 31 11989
308 45 2611
919 26 15536
874 26 35097
349 48 25194
217 22 42965
265 14 31698
943 17 35361
843 24 33607
128 8 47991
206 12 9906
284 29 21956
457 28 49515
321 21 910
389 32 48340
550 48 27521
357 49 38269
874 18 32048
877 8 15329
114 29 33388
958 19 34346
140 48 31754
718 27 36725
212 36 26365
856 15 40415
904 35 23573
888 11 30563
524 4 40608
422 15 24896
337 14 40834
502 39 49090
568 32 1194
518 29 29343
534 6 28926
296 14 36676
573 2 35093
719 14 15307
31 19 21087
494 11 2959
56 42 35716
161 31 26870
392 40 23495
263 1 19599
649 47 13621
245 28 16493
885 47 41610
572 44 20535
629 30 2687
288 24 10142
768 47 38673
706 10 36594
798 7 39648
746 38 49418
226 28 44507
752 29 2582
155 47 32393
122 48 9997
222 44 15144
628 2 24339
272 9 20012
382 18 8411
77 38 18688
156 32 12156
648 40 16692
623 11 27054
771 35 28220
471 31 13149
263 39 49812
292 25 19080
85 4 13788
274 7 25551
296 4 20301
246 40 47914
148 8 37902
683 8 22733
205 49 18038
365 22 19007
916 4 15122
253 17 37030
989 36 13813
434 32 21308
85 11 39147
521 0 8399
375 4 32800
316 41 2603
243 23 1956
546 8 23500
688 39 17347
343 23 48168
207 16 22315
823 34 20292
544 35 14514
910 10 22779
170 9 25397
994 32 37612
955 22 34065
185 5 3588
838 7 41490
899 12 18852
595 35 18357
715 48 28890
424 17 29115
576 12 8880
37 45 36395
332 2 16001
686 36 11814
881 6 44360
391 15 26100
402 32 45287
136 44 1833
868 18 23597
219 5 11120
334 12 5493
564 26 14850
943 15 23130
503 7 13643
698 27 30103
475 37 41327
201 27 27256
116 19 3837
769 15 12132
677 37 8725
388 8 44515
646 35 36502
73 6 25230
968 22 29682
661 37 48848
318 28 8848
595 1 33860
91 19 17604
590 18 10699
201 24 16485
596 4 34696
15 7 34226
184 36 27291
131 29 3429
332 9 19273
986 48 41783
959 44 10744
458 0 27814
262 39 30486
609 27 6004
29 9 25849
116 22 36862
46 39 18715
609 20 15308
279 30 30603
846 21 26226
135 46 40404
721 8 34285
224 21 36599
47 48 33682
565 2 42337
329 36 44045
300 27 38283
109 28 29989
308 45 32045
865 1 13451
50 30 31744
147 46 28527
118 28 34172
635 25 43707
789 18 6606
674 13 13184
623 42 4889
625 35 11686
271 42 46238
750 42 23608
751 27 13174
943 26 12371
70 14 12236
925 21 12431
664 18 29633
459 0 49546
978 21 6023
383 27 44509
598 37 3844
194 49 26548
619 49 12353
813 31 12934
996 19 44469
189 16 27706
324 1 11446
857 20 18856
223 39 37452
840 31 19078
832 36 6959
890 6 7779
257 18 6282
59 19 49810
323 11 42334
696 4 26017
17 16 23779
513 39 13568
643 12 3734
682 16 35209
581 9 17709
977 30 40554
24 42 31636
603 34 9479
63 19 42545
960 6 7993
585 16 33669
877 32 23753
398 32 21861
101 33 25878
1 21 45831
254 23 38515
656 5 41591
695 8 9324
327 15 4107
689 30 35711
399 39 28856
184 20 42964
10 37 26461
804 24 46129
11 32 7575
460 15 9028
207 49 21878
755 23 35047
636 19 30396
941 14 34838
35 12 23026
484 41 25818
341 22 9424
71 40 43735
232 6 36080
315 17 19923
562 23 6768
307 1 12507
815 37 35919
88 42 30315
852 23 11369
834 37 31443
395 24 17574
298 48 39277
910 40 22680
163 16 42580
729 32 6315
820 44 298
333 43 29564
485 24 42045
658 14 17926
846 28 33312
997 38 27757
904 2 31681
318 2 13452
615 10 44417
126 23 45638
493 10 12478
959 28 9431
957 3 29038
282 16 34200
946 24 3596
964 0 27536
129 34 16060
782 42 41003
159 39 22447
870 10 18410
645 25 7191
810 43 26798
85 27 154
648 21 32901
224 12 17988
164 40 20534
153 29 49158
624 20 34483
437 26 41121
242 5 7423
52 5 33312
881 27 31127
2 27 32686
817 14 33407
29 6 44001
133 43 31259
882 27 10814
82 45 22006
286 45 33435
233 46 6925
172 22 10995
810 0 39967
457 23 21721
719 41 42933
92 34 11488
28 42 11696
990 5 46995
100 46 6630
268 29 27550
788 22 27140
844 43 17436
347 40 15594
426 34 33247
168 34 9749
925 3 34826
359 30 37808
779 25 23919
515 3 38274
302 17 15295
644 38 12663
902 38 23502
920 25 6677
143 45 23453
132 22 10020
407 4 21522
375 40 3774
397 33 35986
40 7 10140
581 12 29981
917 25 12063
234 37 38782
443 37 2895
30 18 33604
873 7 38626
18 36 22074
954 5 36207
831 26 6013
634 37 41456
946 9 42977
13 3 24926
926 10 38405
57 30 32134
544 40 45054
10 19 25348
128 11 7438
616 41 31748
16 20 33182
723 22 37286
209 33 16324
826 31 4876
585 16 21136
578 40 32192
213 15 4922
577 3 12433
66 25 189
328 49 37835
269 16 17602
107 36 48568
909 13 21029
661 48 19068
458 25 4407
107 47 21062
75 9 14597
748 44 27571
368 15 22492
973 22 22417
784 27 24202
629 24 42513
529 29 14816
183 20 27447
167 47 23335
450 40 15357
285 4 16818
89 1 28464
864 16 25406
898 32 35232
883 21 27484
725 30 36687
23 48 1711
910 0 40285
354 36 39939
657 45 25133
247 0 41269
588 43 35032
424 34 8687
695 9 40983
991 6 21439
828 8 1140
196 7 49829
486 14 23799
839 40 23071
923 49 22308
129 37 5013
716 20 457
425 31 7663
678 3 44624
286 18 15438
183 36 36640
933 46 16581
547 31 3846
628 39 27355
485 14 1982
677 7 38506
133 0 11693
933 3 37851
663 25 35226
446 14 9905
431 12 38947
774 6 47224
880 19 18498
150 31 6197
711 44 34942
882 35 29297
481 3 9892
658 14 46058
263 41 8530
89 23 43251
989 40 44284
432 8 26343
737 7 15168
141 21 29712
826 23 28940
197 39 9172
914 26 28311
204 1 10520
863 48 22759
198 45 5386
665 30 44256
632 32 29217
969 40 36252
734 8 3583
175 17 28303
947 12 20154
528 8 30503
496 40 652
523 42 6765
71 41 22245
141 13 164
592 11 26610
653 0 28201
441 48 38389
558 33 22759
605 46 48271
520 27 44041
473 35 38476
430 1 44630
70 43 31776
293 45 1760
756 46 32509
820 11 23885
561 35 40088
869 32 14896
899 12 37442
747 46 23631
992 19 21542
680 27 42396
267 45 29915
171 39 5399
944 34 19946
743 41 27609
59 1 19143
927 10 13102
510 20 49702
708 12 31048
162 39 1127
229 34 40184
88 10 43310
332 20 5528
699 45 36033
401 18 6229
226 18 26566
549 20 39683
814 33 32196
496 10 6454
341 33 43653
636 8 35197
46 19 4613
369 6 19715
341 16 43779
385 43 45427
997 11 23626
813 30 35319
780 45 42494
409 8 40302
491 9 18217
545 7 16605
527 11 24460
397 35 32822
756 9 25257
991 11 3066
404 2 21559
282 30 9572
381 29 40193
30 17 4600
62 31 21164
798 14 40838
903 41 12153
169 40 10416
673 49 25166
180 45 26667
740 33 47024
403 4 32828
677 7 49150
644 31 27287
655 39 27323
459 0 44817
893 3 1983
845 46 13715
111 35 8664
438 37 35877
979 42 9204
256 3 964
59 8 21766
189 38 33871
652 15 44853
762 36 12992
847 43 27351
947 39 43892
34 11 41796
299 8 10090
236 41 7867
38 41 24531
348 28 27484
147 24 22607
623 45 40776
754 7 42128
235 27 46885
477 22 31477
475 40 9717
589 21 22095
426 35 27037
615 34 6068
340 47 28137
343 48 30929
687 2 13275
263 36 33614
882 0 48364
37 0 26000
652 1 17427
336 29 31876
582 45 38708
880 45 16999
755 14 49819
631 38 37610
482 8 30339
396 42 8867
798 30 36846
379 21 24026
146 46 15135
88 9 26802
747 33 3137
929 38 31673
391 25 20540
214 44 16405
360 21 30988
87 4 18826
522 42 5716
793 35 9243
559 18 36800
519 22 44121
401 12 46541
806 9 21715
389 18 31431
173 19 15705
952 45 32116
384 2 32438
686 9 35356
661 40 36823
564 24 22219
774 10 40136
945 9 13146
5 37 34775
593 6 43108
344 23 5626
782 0 8808
35 3 22123
173 38 31552
288 2 47013
375 46 11929
48 47 36185
912 26 24523
398 8 24070
717 39 20926
453 12 42394
952 42 9025
433 11 41600
876 12 28626
682 42 29571
525 23 24552
138 39 41817
800 32 11123
471 22 3788
444 49 16254
154 44 25135
467 21 12851
927 34 47612
257 30 43169
859 2 2194
377 43 46772
340 5 27227
61 22 9348
685 7 5441
942 42 23403
475 33 47357
645 11 10601
984 2 31266
505 46 598
639 21 38828
402 18 30459
337 35 21226
949 36 37741
975 14 4319
403 25 13815
259 24 38415
574 33 12810
88 20 38056
103 7 7055
790 11 26137
825 10 44073
681 41 12570
763 48 37794
816 33 46998
547 3 33942
53 44 24690
599 10 26974
487 39 41071
607 18 26457
364 29 49552
222 8 46114
314 30 34747
716 23 34185
127 4 8832
816 23 2775
814 38 10897
277 42 37978
240 34 10544
170 48 44207
656 28 40368
378 43 5725
67 2 17841
470 34 29707
303 49 19157
381 23 1529
233 18 4201
93 20 35171
987 12 45838
19 16 26377
957 47 2364
189 6 12143
648 23 12833
551 40 27379
281 44 46259
928 13 30138
784 1 30551
970 3 1460
74 46 22533
151 31 39437
572 10 12796
605 29 8560
711 5 38957
469 24 45822
200 29 47310
87 34 38613
352 10 43296
235 11 6578
639 26 5862
25 27 140
69 15 26113
464 29 42310
448 33 29339
164 47 7949
661 14 5499
32 7 20909
26 20 14146
27 49 15222
969 4 7471
962 8 32065
660 49 45774
141 24 748
276 20 19332
116 12 35948
941 23 28078
932 43 2041
528 35 31629
483 10 15585
328 1 13975
484 49 24207
898 31 17156
811 49 37900
48 19 8690
352 45 23836
451 15 20822
830 33 25250
807 26 13605
273 44 6421
788 15 17779
13 8 46889
78 15 32441
648 16 39858
739 21 7720
618 40 31274
177 49 8888
238 33 43692
862 4 21244
712 6 43892
868 1 31591
803 22 47002
154 15 3342
346 2 40897
168 27 31824
829 47 35018
35 18 7071
517 41 2548
192 7 43728
33 21 43342
742 6 29792
324 12 26948
58 2 10469
486 47 22364
342 28 21429
541 30 44978
594 30 44162
771 27 20558
712 1 8491
313 11 48107
869 28 19730
570 39 43418
676 3 29445
220 37 31618
933 22 45115
905 17 38613
818 39 40684
620 4 37986
588 42 24606
573 37 27865
664 44 45672
753 49 22204
934 32 29612
862 2 40428
826 8 43913
380 43 23029
846 6 49002
518 38 35570
971 22 40089
738 7 15805
305 3 45583
201 7 36046
351 38 34248
280 20 7638
912 23 27266
701 1 20950
348 35 46394
509 0 32774
422 30 23751
868 6 28394
220 17 25117
861 37 39072
52 37 14557
113 47 32266
128 22 48434
941 34 34217
108 3 19241
845 37 26539
246 20 392
880 30 19600
313 27 28235
926 19 22566
982 34 43318
415 22 15351
426 1 237
662 1 38748
763 2 40174
588 18 46388
890 48 45353
165 35 23273
254 37 11545
439 32 47423
161 30 47874
364 33 5674
410 23 21423
986 36 28908
500 3 34659
265 1 37203
411 37 26930
409 11 40225
638 10 27417
809 47 16510
197 25 39538
476 31 40426
268 25 22087
338 22 4037
46 4 13048
929 49 16831
765 11 36670
130 5 4560
979 28 37539
918 24 42351
813 34 42123
273 13 49513
459 49 13771
66 12 10103
194 19 8238
448 14 42378
876 17 22247
887 14 33186
19 47 49383
552 38 33812
404 45 48510
762 12 41673
752 5 33882
252 17 31998
573 2 4893
408 19 43958
172 34 21596
757 31 41152
181 34 11285
636 12 15725
434 19 24295
193 23 46183
923 27 26962
510 38 810
479 39 43441
282 15 33740
454 18 41103
595 22 6719
664 35 24030
615 5 33289
686 4 30178
96 16 46948
671 33 44285
731 12 45663
627 35 47860
510 46 8956
878 29 38887
987 8 1541
846 35 22397
20 41 8345
886 42 30912
661 5 7906
311 47 25358
825 23 43437
86 21 25473
104 14 337
103 31 8728
576 41 5988
46 20 46210
890 14 17192
363 8 47769
473 42 41406
790 28 48494
786 21 11486
392 30 29781
675 12 24300
911 26 26521
10 11 24846
890 37 11030
397 25 4222
237 47 47010
63 13 16925
943 44 13685
844 33 38362
825 37 19208
885 17 30097
206 11 38387
834 38 4173
405 21 26633
584 45 41170
405 46 39402
144 27 11674
294 6 19746
689 19 25775
573 8 33665
274 9 20466
38 38 6911
240 45 2711
597 47 6795
526 42 16287
886 26 28647
289 2 34159
925 32 25253
750 34 40705
339 44 540
235 31 37293
900 40 37239
576 36 38905
462 24 16176
506 42 26050
465 39 34027
224 22 17476
948 48 33023
744 42 303
526 19 46611
895 14 26912
759 27 6338
786 40 44885
403 2 23544
130 48 16606
168 37 11841
526 42 33407
518 23 47483
952 13 6987
43 37 13040
800 27 27399
122 40 11402
309 5 27649
988 6 9916
848 3 37889
854 43 19410
885 17 4718
526 12 8621
854 32 2992
11 14 43853
854 12 9720
330 15 9382
105 26 7188
439 23 4079
10 12 1749
499 42 11029
548 45 48414
870 30 16521
362 25 36979
555 28 29456
531 40 44608
169 4 21425
489 28 17454
105 26 26126
648 27 20833
10 17 22500
585 7 14383
468 40 24818
637 38 20668
840 8 24863
372 10 49960
176 1 20974
169 19 13453
376 42 11429
510 5 40722
539 45 9343
573 7 1379
701 19 2431
51 35 5224
58 21 6190
292 3 34182
670 42 39791
963 16 36136
783 11 8091
63 39 46513
740 27 28609
131 39 10475
585 41 10205
349 24 2860
160 47 1460
41 28 28911
624 0 11259
217 30 31365
964 1 31415
538 6 49182
565 10 10193
44 1 42327
682 4 33961
208 30 25250
585 22 31951
445 39 26307
697 49 28077
697 23 2518
33 46 47477
160 43 11944
858 12 12841
872 21 39957
89 10 42025
24 48 12497
924 33 19917
915 17 2088
498 41 965
924 33 24817
440 21 40480
415 39 43583
334 48 18325
629 32 25407
138 36 15438
15 32 43688
556 36 6896
68 29 18197
968 46 13176
161 40 9747
827 12 8148
171 9 24035
460 10 30824
207 37 13001
293 18 45934
403 30 15834
574 48 9603
7 45 26889
279 28 22043
739 10 31964
164 36 41485
917 30 44620
741 15 11741
362 34 31404
191 18 47098
947 31 23166
634 38 5304
7 19 21902
836 8 48744
761 42 6060
61 27 24219
706 12 8583
191 41 25586
719 7 18176
846 37 2895
139 24 37862
49 44 2551
902 17 27021
386 33 36751
527 48 38700
246 13 46140
308 36 41399
848 28 16070
211 45 8708
965 38 37290
483 26 18898
746 28 12626
976 19 9821
904 48 4556
461 25 20495
402 34 21695
93 45 6859
885 7 1490
775 7 6622
380 7 3257
409 23 42791
619 24 37933
922 44 11547
698 17 20690
133 18 26473
202 5 35265
854 32 25442
106 22 20441
672 0 666
364 25 43136
84 33 45534
587 26 5179
891 18 13884
692 39 22350
18 12 37739
769 20 31047
727 9 7617
52 24 2226
650 29 6537
277 32 44692
634 4 26812
706 41 29573
251 14 30570
663 18 41004
196 24 4776
4 40 29116
117 42 16013
706 26 23790
52 30 24408
619 14 36236
575 43 6684
225 45 22444
772 47 7774
714 49 30122
997 30 11450
593 41 42324
793 26 17790
297 31 15879
923 45 35039
827 32 3210
783 17 35047
598 43 16191
893 25 960
583 39 40227
871 1 11817
148 9 42305
955 9 16236
624 39 37616
382 7 39880
446 33 24623
30 38 22550
254 19 37710
110 36 49272
218 3 7923
329 26 21704
741 34 47720
245 34 23810
474 11 9548
557 32 7031
554 25 49518
845 31 25356
882 15 3541
972 31 30594
693 48 44251
977 13 49062
758 49 44826
10 5 4413
266 49 41243
427 3 1062
184 24 16677
893 36 10293
244 46 39160
2 6 5276
516 9 48501
781 45 10179
958 2 46193
40 4 40074
660 42 1496
539 22 40585
326 17 3602
714 26 22555
937 34 3089
671 16 44171
935 17 37665
690 26 30401
114 43 3225
203 36 5791
819 38 33352
24 4 24341
584 31 20846
612 19 17083
476 24 22899
817 14 11277
920 26 28822
635 13 35909
787 9 12142
545 42 25620
45 48 23951
732 19 16373
950 5 6157
421 44 14550
511 10 29630
337 45 608
787 15 12052
253 4 48680
985 24 22204
49 18 18852
84 33 6506
198 33 24
641 15 9969
953 33 23741
250 22 22157
517 21 25339
536 11 13165
341 44 33234
570 27 29988
561 22 13119
414 8 7090
718 17 47870
672 8 37676
250 35 12070
392 13 27664
643 9 22684
268 9 10792
996 46 29691
981 30 11197
925 36 28070
143 40 25119
100 3 15167
293 13 6450
933 7 42361
572 37 26744
731 25 41599
137 10 2614
478 34 2418
298 6 35868
317 39 40066
804 29 24927
461 27 40084
551 29 42019
563 35 45107
463 30 40532
825 13 28939
964 34 19586
428 26 1510
215 0 40969
186 29 11747
101 44 5374
619 8 20813
437 35 28097
397 12 31098
691 20 20291
656 48 33790
181 28 15802
536 3 47722
384 26 421
657 35 32027
55 35 15592
629 20 13242
387 32 22973
307 38 12795
159 5 18844
313 13 14505
973 37 30684
186 27 20923
856 29 33697
910 18 38327
200 48 28857
259 10 12093
438 26 38063
680 23 49872
120 43 35060
176 26 34380
865 2 17121
241 13 40164
352 12 31103
556 16 37180
248 25 11105
470 36 19012
345 6 5582
129 11 32554
268 29 28077
837 46 2881
263 28 2062
83 12 45913
842 30 28631
145 13 28882
619 1 45131
713 25 9723
119 7 19180
912 18 6393
328 5 11043
401 16 29693
300 17 25491
106 11 45185
247 1 14895
6 48 46565
192 15 44211
264 35 41641
328 48 36986
278 46 45715
636 14 25870
146 33 3092
893 4 11203
344 13 29048
928 9 4603
952 12 36959
462 11 7338
63 24 28202
677 16 49709
548 20 29072
684 8 12573
330 7 29055
657 39 41766
55 8 3432
996 19 10213
978 42 22239
443 46 24337
483 1 22776
160 33 29986
944 13 20077
284 16 31454
569 46 6033
941 4 10173
694 43 48298
98 21 6726
643 27 26044
726 9 28530
80 13 25752
977 43 32211
304 22 39567
868 21 33171
48 1 8096
242 32 44526
703 35 7966
617 49 36636
232 8 4632
511 25 40229
706 27 9826
902 10 21498
855 41 15268
238 47 7061
920 44 4137
724 49 33452
6 31 13856
428 21 27990
353 6 20121
147 14 40104
93 37 4697
723 10 30273
762 9 42681
846 10 21709
713 3 27471
754 18 43570
44 29 16859
952 4 4454
573 9 37213
104 21 19360
212 39 3435
40 29 44746
154 23 18009
179 38 45265
101 27 9562
858 48 3822
103 3 23577
975 29 42942
140 8 40831
855 5 29628
786 21 48592
745 22 46285
571 17 39679
606 33 16044
713 15 4537
777 1 6841
639 49 557
220 49 1211
42 23 1211
729 5 43262
633 31 48633
864 10 49720
996 21 6798
612 27 23852
678 47 11141
215 18 31616
133 12 19544
78 4 23948
275 31 34950
613 28 37286
464 19 46183
229 6 24341
336 32 43480
987 13 39078
715 39 20740
506 27 6016
173 21 35612
150 3 15374
516 40 43452
183 20 25572
410 3 24255
382 32 42727
396 49 16087
524 19 10069
31 3 30269
909 42 40697
781 46 16277
910 35 9943
962 17 19922
216 30 38596
230 49 10433
201 30 37072
200 8 1964
177 27 43027
9 42 24402
316 44 33563
659 27 7765
259 10 25953
373 32 451
870 21 2539
819 6 44557
334 31 36154
539 47 7388
418 37 18630
593 20 46930
277 4 31322
446 15 27446
73 47 9015
217 30 27464
255 33 23287
375 9 48653
920 38 12869
648 16 31737
88 48 22304
392 37 19809
305 29 7555
125 10 7168
612 32 29757
454 25 15701
963 3 16430
729 31 37104
483 23 13518
786 35 44340
620 27 4204
49 25 21734
812 35 19785
578 37 1216
489 39 30977
891 27 38734
741 40 24989
851 18 8949
306 19 23680
270 9 29801
185 41 5157
157 44 43016
352 18 26855
727 16 34910
872 44 25425
317 21 34666
220 21 35604
990 40 14261
760 32 45425
464 46 19912
847 34 8152
32 49 20812
568 37 38790
471 21 3639
746 37 39058
480 18 31664
385 4 34239
157 46 43649
477 2 9687
0 25 11470
91 36 4701
434 9 20495
142 49 39878
275 35 46703
266 49 9734
95 41 39286
462 34 15865
349 11 9773
725 18 10010
851 23 21723
193 42 35331
274 44 17675
11 37 26044
750 17 14816
778 11 6977
334 44 10096
831 6 7591
488 21 19396
909 14 16363
477 28 49263
472 47 21697
567 32 17880
44 19 27473
480 40 31353
251 45 9687
292 0 19711
833 11 45661
543 2 45047
733 25 37180
179 34 968
810 17 38519
701 35 46277
693 15 19996
635 9 45946
864 47 22695
267 17 18025
342 46 24428
639 41 7269
163 0 41444
86 3 30494
702 42 13972
262 1 45015
954 27 44422
210 35 42160
562 34 27233
616 0 7284
729 48 8567
250 35 30303
395 36 571
966 30 29193
122 17 41922
385 26 34468
567 39 48315
603 14 22718
797 44 19338
623 49 44508
316 33 38045
788 5 16963
619 38 36641
509 43 9322
936 41 11460
380 9 4600
185 14 5472
189 40 10372
731 20 48303
57 49 7893
397 18 37324
40 17 14971
25 8 416
205 18 6557
859 44 32234
937 43 40574
151 41 765
188 32 21655
269 27 14559
158 15 12402
608 47 4654
439 19 28162
766 23 3236
116 5 41126
487 11 7783
858 13 40069
374 10 48250
380 46 6575
64 27 4043
673 13 29864
722 27 33659
292 4 31878
171 24 6922
662 31 17965
343 18 25257
66 36 39958
79 10 11528
758 22 40403
625 28 48213
67 16 30927
525 8 34193
631 40 45430
828 4 9384
169 22 40471
838 5 46439
352 0 5013
205 33 29396
472 24 19815
87 5 44669
724 5 24609
182 16 16063
830 21 20468
810 21 30448
174 46 15871
849 49 9454
543 48 22329
103 25 31634
389 31 16959
409 36 27735
314 40 33240
437 45 19421
798 24 27167
892 6 36583
342 10 13915
188 1 20411
596 27 7392
968 41 14747
61 7 30629
286 19 8397
410 31 43122
224 3 6948
27 27 1369
990 20 31437
57 23 1257
576 21 10233
669 14 12132
733 19 40952
837 37 47308
911 7 34843
598 9 45559
778 39 26720
655 49 28881
587 7 16062
723 24 10211
40 33 5865
513 22 8602
497 4 15864
843 48 12965
626 17 15663
379 46 6749
869 35 17277
211 24 18575
375 8 20871
121 2 49108
478 10 2065
997 11 26013
417 48 364
38 29 40627
263 1 2873
50 48 39098
748 1 22290
604 31 22795
997 31 34662
552 2 35798
405 21 33990
55 36 19634
196 46 8751
878 12 14874
275 35 22071
988 9 13278
140 24 16060
137 26 38233
319 24 30765
273 27 30036
279 21 24523
666 42 33832
423 11 3341
554 32 3511
223 22 23081
254 13 9607
986 20 8704
667 10 43406
957 20 47135
690 10 45060
53 45 49937
115 13 9407
902 41 7899
232 16 34797
483 20 609
610 8 41453
549 23 8469
336 29 25481
913 38 1067
142 43 44421
311 5 32909
434 1 11721
114 47 48596
826 41 5263
551 4 17583
981 41 2815
386 42 40063
642 42 16300
445 8 33113
68 41 44652
996 39 20398
404 10 36240
201 2 48904
421 47 43442
79 45 12827
45 12 24722
581 24 38335
632 5 32207
617 0 21572
995 14 41014
899 24 8371
409 22 41968
197 28 48753
220 35 22680
139 30 6025
199 2 34011
528 39 4670
729 5 46064
757 0 34258
574 38 25421
992 43 6253
214 23 47748
676 9 22582
377 18 28605
180 47 13120
926 5 18566
65 34 27894
194 16 41843
48 29 42597
503 2 17921
691 47 44023
662 19 20852
910 47 4595
947 29 15108
390 3 18385
670 16 23475
563 3 45547
426 4 9351
296 32 38565
701 25 26291
126 25 12225
949 48 4198
940 47 10432
767 47 25825
163 45 33343
266 16 31642
930 11 45406
92 34 38527
449 11 9187
204 12 8972
145 11 30153
432 3 36306
999 45 46983
251 24 24366
189 15 34597
466 46 1808
795 13 45745
249 42 25200
661 36 39647
263 44 48487
818 2 46874
160 34 19296
705 49 41748
187 33 38382
138 38 35442
476 10 23846
873 10 47760
33 44 2326
77 47 45354
898 5 7683
949 35 2597
139 28 31995
606 25 8287
390 7 43935
613 17 42092
924 21 25554
695 39 24181
175 45 17209
742 7 44098
455 29 48687
858 41 6846
846 49 24039
836 10 392
246 8 42561
586 40 40040
210 9 23526
346 37 33143
630 37 40717
373 17 4263
361 15 23928
386 46 27895
977 7 24771
197 48 36373
607 37 3311
688 9 32260
722 4 31591
614 29 20717
993 41 21199
909 13 34836
735 45 15392
356 19 9407
887 40 46264
716 15 13263
428 38 47018
202 30 31937
183 47 19114
545 18 43672
33 23 17676
858 48 31220
982 15 37033
649 18 14729
628 24 39454
580 9 13883
940 29 25408
566 47 7048
907 0 5060
436 35 30877
155 43 29718
851 19 48489
758 37 45518
324 41 46594
868 46 40351
622 46 33366
0 8 9768
730 29 33398
809 8 15080
962 48 17120
129 13 27056
64 40 34866
565 20 36800
49 9 27419
17 2 3873
509 29 22632
865 40 28757
194 36 35953
774 49 17485
714 18 17499
861 30 6995
550 14 38605
471 41 13329
511 36 6631
528 23 3116
196 11 31298
929 29 17381
592 19 36154
848 18 25643
133 4 25506
614 32 32469
386 16 22313
81 32 40683
62 45 8595
154 2 47655
807 11 558
67 13 10433
919 8 19260
438 23 36012
378 9 42766
670 6 13995
783 23 48410
649 36 46263
677 33 36236
999 8 42394
336 6 2024
747 33 41987
748 43 8814
587 2 34136
876 33 41817
970 19 15114
277 19 32965
439 39 48266
762 18 34568
223 34 48604
327 30 22193
773 4 10131
552 21 24202
740 31 41334
917 11 32852
854 36 37223
561 31 10763
137 5 9337
797 30 6742
491 34 5219
749 46 45926
523 8 14195
503 16 15955
15 48 3269
773 26 19704
773 12 35768
972 21 8648
871 28 31743
702 0 46880
86 36 8386
146 19 21865
652 46 18402
903 11 19686
938 36 48568
555 25 49421
780 4 5505
965 42 9529
407 42 27782
570 23 16935
364 19 42002
215 9 43226
382 40 3168
389 39 34598
739 3 33182
793 34 13787
560 15 41818
642 10 8585
748 27 611
618 6 42243
59 7 38236
744 22 8329
458 48 49161
488 9 11519
386 27 38354
361 36 48385
929 48 3014
389 48 10408
696 4 14907
584 17 29058
573 9 9032
614 45 27726
515 44 37915
228 8 34158
335 49 10658
476 34 44597
684 46 8362
217 44 29448
758 19 9937
818 23 16944
801 12 35723
603 2 43581
776 38 35097
428 10 22344
804 39 38493
829 10 2458
665 40 2061
79 21 24033
810 11 23467
573 17 6199
906 24 39267
257 45 44190
417 10 14984
834 10 43378
135 34 20186
307 25 34015
735 43 34503
590 18 5687
439 18 25668
40 40 19055
978 29 33198
247 41 336
634 37 37772
35 6 23265
447 48 17478
779 47 26828
604 18 45983
827 41 48335
324 41 45417
121 10 27443
495 6 9660
927 8 17913
698 7 47624
659 30 7438
889 46 39868
877 1 12230
239 12 5746
241 24 9399
673 44 8004
106 27 20223
517 24 46036
331 30 14243
375 29 28566
114 9 5287
651 29 35061
540 21 23226
267 2 17231
796 34 17322
214 8 17293
66 30 26671
323 16 2095
210 7 33228
579 46 11157
63 5 37221
711 15 35367
329 43 1531
711 27 44474
489 38 14199
700 31 14194
271 20 39027
922 36 46281
998 49 49910
393 15 29627
137 17 11805
180 48 15765
982 47 3645
334 22 45164
33 15 40859
608 28 36758
100 7 48740
301 39 37277
528 32 35601
669 40 17625
818 19 31178
616 11 37087
561 15 11122
162 33 34567
882 20 49915
561 13 10172
921 16 36957
384 46 1284
541 36 23300
142 37 30339
152 22 49563
780 17 1024
940 7 46550
609 4 34147
212 35 18425
276 26 42958
192 5 30401
895 16 964
600 22 33662
682 4 341
967 5 24930
746 37 19252
306 32 6863
832 3 43453
954 0 43269
337 28 33867
204 17 48080
338 24 49179
236 13 6819
804 41 21047
744 39 15595
30 34 19192
44 24 7241
932 24 35777
122 43 12863
651 43 1138
899 22 46477
409 14 3499
945 33 9903
239 46 32692
19 17 4682
60 43 22458
948 7 9500
760 25 2600
353 15 19846
860 23 7562
886 12 20724
771 16 11161
761 11 35394
413 36 41474
443 17 46358
864 3 43165
846 45 20799
193 11 31949
67 27 13274
439 44 37617
237 29 10277
815 1 5278
52 28 34922
865 16 14327
679 8 12503
365 24 14672
894 10 959
655 10 33302
838 18 31561
499 38 34587
534 39 12333
340 37 22151
1 41 32956
994 20 1245
722 19 5667
448 42 42627
544 0 40090
826 21 31495
331 32 47286
633 6 7463
401 45 34589
189 12 29733
741 36 1984
390 33 23675
748 9 5983
503 27 41710
951 18 42776
33 32 15182
925 0 36154
299 17 26878
505 35 38195
89 39 3678
188 14 30519
988 21 43083
531 35 23576
537 6 18341
620 13 14992
397 0 28137
754 17 22889
793 20 1949
382 11 11816
318 28 6284
538 37 23053
72 47 24328
192 28 20840
883 20 18644
976 7 46756
176 22 16582
43 29 27128
356 18 26949
936 10 16285
856 46 30219
618 26 26208
959 29 47165
363 46 49139
956 9 14909
34 38 25737
225 8 18350
685 15 42945
93 14 35710
431 33 18873
168 39 45374
823 3 19415
184 4 29205
408 43 14779
81 22 28755
355 22 20386
843 23 24306
142 14 13884
267 25 24099
121 8 28351
849 47 16988
12 11 794
891 30 6057
467 31 6812
962 33 37103
907 23 36688
953 4 2043
195 23 32284
28 30 11627
142 48 22111
542 21 47868
10 30 5863
100 45 47290
19 42 36727
603 34 22515
328 38 5696
802 49 19515
647 24 25956
136 48 19074
185 0 3615
477 20 2358
257 25 2310
638 35 32892
663 3 23234
460 32 18852
642 30 16506
113 32 32510
413 24 5380
884 9 17772
93 34 3024
646 24 8970
547 22 17230
394 35 15484
276 12 49240
431 7 5583
689 2 3983
68 26 26462
797 5 3289
312 16 27547
542 29 21359
520 19 12710
555 41 5526
168 23 5524
243 13 44470
957 42 25394
388 0 16423
862 21 12114
784 17 8932
923 20 17837
348 21 14475
708 21 33090
881 14 5572
667 34 43994
157 46 42239
766 45 43278
182 38 28264
716 22 46022
417 22 42299
359 28 10972
32 29 23017
573 23 34405
505 46 46799
128 1 40808
595 14 6229
865 15 35052
698 1 40240
643 45 4348
562 20 13924
42 25 25841
261 35 42302
453 24 39977
561 29 43631
252 3 48624
471 0 7248
935 24 17827
761 29 30563
697 30 44232
169 45 43399
163 28 45294
56 28 41000
739 33 1170
7 42 4794
595 39 47532
50 36 17334
894 44 49342
28 15 27517
946 29 34138
164 44 31650
32 15 16546
216 46 44012
508 22 4395
100 41 23092
676 17 39289
870 2 28722
72 13 18862
392 4 12120
865 5 27888
345 22 36986
227 15 5046
286 17 12588
218 35 9809
560 48 40636
881 42 29772
757 42 35706
67 35 1422
196 45 43878
352 7 46113
352 5 24660
735 27 31094
375 28 32444
574 21 1945
318 31 22283
438 9 48229
75 34 18685
303 36 2703
343 23 33249
500 29 25471
469 29 43035
88 2 24435
179 32 34921
752 35 45439
582 21 3950
978 25 4516
397 16 11065
341 36 37290
816 38 16441
400 7 10829
369 22 7808
337 9 45240
167 4 23576
488 18 37529
438 28 5278
87 12 49222
775 29 45855
780 15 12903
976 49 33346
223 45 33504
92 42 10606
574 20 18334
580 7 20124
478 14 46147
336 15 4964
935 40 29419
209 19 23559
211 21 42448
849 17 35955
744 36 49111
840 28 33114
528 4 7156
222 19 26646
49 40 34870
894 32 18582
220 49 10368
749 25 40031
871 8 47720
449 48 27080
755 10 3126
962 30 21900
714 30 38972
876 9 27486
191 45 1176
77 9 29258
981 38 22507
100 33 13744
966 33 36525
921 47 7175
571 18 37626
771 22 38315
811 38 11125
410 26 9206
681 47 2426
200 30 10132
212 36 14684
660 28 40491
784 24 23034
764 14 16494
74 46 42842
908 38 834
166 4 6658
559 15 14974
806 34 26361
310 2 6558
316 43 7044
117 4 46245
401 40 31472
249 45 11693
663 45 31149
744 22 5740
978 23 49882
977 48 93
653 4 36787
861 47 36616
13 45 213
61 27 6253
496 6 26003
938 35 31239
213 6 23674
984 16 30758
742 9 12180
148 47 26439
887 15 33747
722 43 670
950 48 11107
466 4 7257
367 13 33604
210 24 8948
904 14 35512
194 45 33427
749 48 24806
380 14 34562
988 10 41590
429 32 6830
250 21 5103
835 36 27402
446 6 1105
516 38 26996
349 49 17586
926 11 8995
757 4 34368
491 25 2824
288 39 5558
222 24 15710
462 46 47608
331 44 33581
345 27 8791
319 1 3124
6 33 23660
735 27 28088
119 18 17078
417 34 48843
908 26 43846
775 35 3455
130 21 10441
868 28 18454
309 44 46981
331 41 43648
84 27 16311
711 3 28189
740 37 3999
512 43 7947
902 24 45758
946 48 30550
597 47 37823
14 2 33930
106 14 41652
1 3 33162
225 29 20997
201 28 48892
808 10 14190
582 31 28432
736 9 33586
391 34 45894
776 23 3707
437 39 43880
483 31 10766
825 29 25863
824 8 11288
890 30 19782
918 9 6005
815 24 36046
717 2 32836
79 49 14592
855 48 46315
599 1 14949
187 34 16975
844 27 26983
521 19 33364
325 16 6814
712 37 19982
180 4 33161
191 19 11989
324 6 11817
637 28 33002
289 27 24797
716 16 40489
913 19 39983
823 33 22949
129 12 18566
680 5 13591
242 47 48138
560 5 5695
876 44 7999
223 1 5647
188 4 23654
952 19 21477
476 9 36056
909 11 8387
784 18 14818
898 46 2145
51 20 27640
913 26 14883
604 26 28026
96 40 49267
32 45 25256
633 31 11022
436 13 39534
232 34 48820
363 30 40293
198 46 15459
682 13 21924
492 7 38019
467 0 6879
628 0 36765
186 11 4999
283 22 48744
714 19 347
80 37 30996
453 20 47558
379 23 7401
983 28 33669
66 40 32588
106 21 18956
984 0 30401
721 48 47739
11 6 19647
67 9 36844
861 22 47926
227 48 3132
1 6 16574
283 49 19174
384 33 48376
12 7 14706
185 42 15715
537 17 47088
151 40 45787
175 25 42864
578 12 20411
347 46 7831
537 11 9211
14 42 36506
228 46 47055
12 20 12033
461 4 38657
484 4 20906
46 47 1876
878 38 39114
524 26 43508
252 34 47104
695 3 28253
193 28 40571
805 5 36270
241 31 20289
939 2 37924
128 0 35508
385 45 45766
356 41 30565
996 45 19098
350 5 26272
861 38 20705
339 48 10265
278 43 38095
767 23 49259
135 22 12762
990 14 25785
830 11 49572
819 17 44092
834 25 30586
40 4 9155
300 20 22198
527 18 10449
698 41 26599
609 49 35783
39 1 11063
308 2 9083
644 3 20579
860 22 33039
146 12 47279
61 11 42196
102 25 21116
461 8 13111
885 22 10264
650 5 17729
771 24 37352
739 48 19864
240 18 45
805 37 5239
606 5 11888
963 14 7555
758 8 42934
486 32 22376
437 40 25548
476 15 40257
730 30 38904
694 47 42801
616 21 28320
845 3 45475
793 38 36996
187 41 41358
184 18 49510
928 24 4384
93 16 28754
795 41 41226
277 12 15914
13 38 20794
466 40 12320
853 29 22373
964 46 4880
519 45 36574
179 36 11101
610 45 34010
308 18 14432
713 33 35737
589 1 40016
265 22 46565
726 20 37756
776 1 48500
734 0 26050
147 16 46273
691 38 20305
811 17 10249
765 2 22232
470 20 23112
532 3 35698
694 24 49840
910 46 32783
698 40 41642
529 13 36117
319 17 36366
186 48 42179
125 47 13608
510 41 30366
575 23 800
356 6 40844
472 34 46761
204 44 32631
577 16 44237
695 12 23827
648 13 44786
136 11 4420
27 40 8907
496 35 1391
544 8 7158
560 29 37535
316 17 42587
367 8 39463
163 48 14856
501 47 33169
348 17 16712
86 42 34693
455 17 38886
694 31 32419
408 25 10883
247 31 18585
492 9 44020
138 34 8239
212 14 27863
227 10 43471
695 23 24026
164 31 21130
492 1 12577
72 29 33506
804 16 17035
984 10 19541
381 36 10588
427 8 45687
493 37 35831
654 25 36325
512 41 10703
999 0 1885
110 15 49201
715 35 37005
998 22 1745
611 8 18221
992 32 44532
683 26 10462
877 33 5011
629 21 27759
951 36 33672
862 46 49461
737 23 20344
735 27 46524
972 0 22039
875 11 28292
858 22 35853
115 12 34012
366 23 33254
101 22 6948
797 0 29426
801 35 49042
84 29 9514
634 19 2127
809 16 32653
331 32 7731
341 49 42560
704 2 28690
317 21 17634
997 13 44166
998 41 9002
947 2 15713
599 49 42118
313 44 6846
217 18 46533
303 8 10322
220 1 10854
674 15 6034
634 20 29394
451 34 12772
185 23 48289
322 39 14867
206 31 21442
723 20 36427
853 10 32969
166 33 39616
4 33 13932
11 48 2832
207 28 25321
893 2 10976
97 42 42212
915 1 44737
261 7 37945
756 1 7735
443 28 10100
881 48 1336
81 42 37764
949 35 39165
475 32 46047
122 31 43209
48 34 5516
313 0 22641
292 6 22879
765 9 46888
257 48 10378
543 29 16782
715 24 19110
700 29 28222
499 31 37573
364 35 49874
19 38 33122
188 24 37323
44 48 43318
612 24 44440
652 46 17062
77 0 22490
467 39 12804
401 11 137
307 18 32178
712 23 5055
172 46 27970
239 30 22056
89 20 2980
431 7 48102
456 16 31950
127 37 5164
594 33 42364
999 6 35098
488 27 11798
635 13 1013
339 44 19407
742 35 48499
258 32 43562
988 9 25790
414 31 20870
858 39 20828
169 10 6940
973 48 12222
19 40 45527
977 47 32078
786 43 5150
545 8 17161
964 41 20848
256 39 2023
229 28 25234
349 14 12166
798 32 14018
363 43 44885
734 9 17076
765 31 46165
43 23 40054
631 42 31438
335 34 7293
868 29 689
763 13 43501
86 39 2454
250 24 14495
584 41 10321
70 25 23665
419 22 304
669 44 38008
493 12 48282
893 8 575
196 13 47623
975 21 16935
839 49 27069
830 5 17848
299 1 38100
444 21 48077
434 4 40141
279 18 7607
477 28 20266
905 30 37313
713 30 33602
598 42 9424
688 2 21922
884 19 17636
309 49 25724
645 12 19203
618 8 2992
106 38 49373
991 42 3950
925 21 8846
70 34 41960
917 28 19672
272 15 1494
830 32 47160
885 15 45705
383 49 40395
26 41 39844
2 30 36825
735 10 6873
747 18 10077
781 19 28277
292 28 12245
797 48 47023
997 35 28277
253 45 23190
156 8 30051
956 44 48068
270 16 23151
956 11 29646
345 30 21884
913 7 7910
151 22 11782
28 27 34294
916 3 45256
822 21 43699
730 39 2053
374 42 44807
159 25 31639
683 40 1979
16 29 42420
573 21 38570
22 41 6394
890 48 31404
154 4 36555
838 8 21183
238 34 8719
568 14 47329
755 27 2667
994 43 13307
752 34 39081
127 22 41659
269 44 6598
289 26 36749
413 49 1906
271 4 19423
62 26 28824
789 31 3483
339 34 39420
112 44 3044
376 30 35087
219 0 25290
760 33 41276
737 37 30916
400 2 36022
679 31 2252
394 8 2345
660 29 45054
472 35 30728
968 10 31991
843 8 10163
63 26 39460
134 43 16869
612 23 4034
466 49 32617
916 46 3820
486 9 41326
379 21 35162
946 9 17313
105 24 35024
79 20 19116
143 14 20512
615 23 40066
859 28 22952
702 32 18670
623 32 19776
723 28 43592
524 48 20284
554 42 6936
561 28 37619
502 32 11876
673 15 11955
487 16 9179
623 3 26049
558 1 31117
186 47 3710
728 0 12378
772 37 39239
461 31 29757
886 40 3283
189 16 39053
759 48 27312
16 30 29866
391 4 40757
311 30 25427
385 0 46563
165 1 36434
10 35 9964
680 31 34893
34 38 38776
464 6 35827
560 35 38152
441 14 21445
827 48 18789
539 1 47838
230 39 23351
26 13 14709
240 24 39097
605 3 26200
857 43 18006
85 30 35360
381 49 4281
724 2 45393
173 13 40262
901 1 22385
728 34 4740
614 30 15360
464 3 32165
892 40 31048
578 39 14243
1 3 45812
828 42 12573
477 25 12066
759 37 43056
992 49 28949
747 7 40814
894 22 649
968 25 13133
713 3 35614
466 1 34233
304 13 1967
51 41 38637
363 46 43434
9 27 36965
510 27 37917
519 1 8937
100 14 37711
630 48 17961
147 44 987
945 38 29182
630 33 15369
854 36 45183
202 40 15093
607 48 37740
323 45 42075
203 36 44574
807 25 17972
768 29 35765
93 5 32731
587 2 15638
517 3 9020
141 16 24445
574 0 27558
131 39 9106
617 13 37216
454 3 36751
127 38 1975
329 38 49740
506 23 32455
175 1 49087
458 7 1787
812 32 9281
580 3 14289
511 1 19684
10 42 38712
84 5 43872
83 22 19414
723 34 35336
700 13 1235
218 49 35786
175 8 20372
919 10 25555
949 4 2207
241 1 2976
838 10 43695
409 25 33799
223 23 14098
840 7 38378
650 49 43076
398 15 12191
448 23 48167
880 10 48967
134 36 31732
613 39 18440
380 23 37805
837 8 13986
800 33 46332
690 30 6448
216 28 35185
359 47 44358
34 24 36476
655 10 38720
331 47 6537
551 49 13324
233 48 49867
187 38 4204
288 43 22463
371 13 20837
587 30 20418
498 0 8837
147 20 47854
302 27 27406
990 14 21254
27 23 29829
232 46 33401
535 10 8904
372 43 22130
433 41 28397
499 48 10912
55 30 33701
612 29 7686
652 18 9148
112 48 44299
34 36 36942
370 18 49780
521 43 5686
109 14 29477
616 17 49042
569 20 13381
913 37 20474
492 39 33261
354 28 3839
990 21 33407
619 8 3815
702 15 10301
0 39 15568
451 23 36423
441 13 44961
466 32 17084
332 1 8965
653 22 31610
357 5 48670
832 42 48521
226 45 22267
288 35 22402
524 4 9196
606 40 43648
121 43 31074
726 40 36451
355 36 16024
639 15 3608
749 29 38149
859 6 44155
898 5 41878
592 28 17400
363 10 27662
984 8 39888
424 31 27297
297 31 6933
435 9 45148
107 26 39451
987 44 12354
561 42 33559
563 4 46655
549 47 18069
218 16 11601
146 49 48478
539 17 8470
125 44 41769
970 38 37363
57 26 37694
499 21 34146
685 37 47819
237 33 4150
872 47 20705
709 43 13919
786 0 18431
90 29 10636
121 4 39836
183 36 38109
845 28 7724
728 21 38850
205 27 35756
600 39 21466
166 19 4707
311 47 8679
836 26 8175
92 37 5835
288 0 26567
189 21 9775
205 6 31917
672 28 48700
184 31 8777
298 3 30930
15 31 30378
433 10 13494
688 48 49862
682 9 2047
88 42 3342
627 23 33966
317 48 33520
21 19 20899
433 45 5356
767 28 9452
438 13 34953
924 13 2018
249 41 45570
45 37 11658
340 46 43025
843 23 48783
9 25 25075
348 15 22272
529 16 44618
214 37 15963
374 40 25897
382 10 38600
983 37 12024
858 40 7426
428 33 18201
881 16 31871
961 26 23609
622 12 2887
703 47 37585
630 23 7041
329 41 16852
388 36 33666
411 44 48378
786 14 33109
689 43 48729
375 9 39319
629 1 42318
658 16 44113
260 16 24042
223 46 2962
860 44 10904
851 19 24829
757 28 17454
544 29 5521
740 4 29350
539 33 25001
140 39 47102
418 23 42339
731 38 34448
835 33 26959
586 35 4849
551 7 46917
620 7 48654
638 10 24315
881 17 20201
475 20 40585
440 42 16994
768 1 30473
5 5 18103
836 14 31222
433 44 38746
173 25 47256
459 45 34105
736 25 21751
633 14 48354
198 42 39223
668 40 36660
893 36 302
72 36 4834
159 48 40043
63 34 8660
847 7 44694
602 19 37279
583 20 37367
214 20 15217
403 27 31986
285 49 23603
686 37 1498
452 21 49927
862 24 16946
219 33 30707
108 10 26746
7 13 20538
883 48 22056
787 14 44220
9 38 20259
813 29 1574
316 26 29780
66 17 36333
922 48 39229
40 46 30454
151 45 46340
649 23 2734
77 42 43835
784 20 6571
765 8 34563
648 44 40214
724 40 4933
14 39 21047
192 20 32536
816 45 23370
14 47 8366
895 14 42218
676 45 26067
354 13 4569
434 2 47855
411 13 19620
140 37 39522
898 4 48369
723 30 39505
245 32 30105
68 1 5207
114 22 49246
768 48 15766
969 9 26792
886 23 2134
664 21 12170
32 17 35605
282 23 11717
554 5 24640
197 9 3140
866 27 32969
666 4 44310
228 8 11507
961 36 16762
348 37 9785
82 21 48055
235 4 20054
770 15 1775
391 3 34555
778 6 47654
186 15 7001
335 38 13866
661 10 37859
489 23 44944
685 31 18859
132 1 6173
81 2 737
93 45 44083
769 22 4030
99 41 28495
696 10 6025
649 3 18470
957 10 20326
322 12 35543
118 9 31084
411 41 48011
93 47 5256
187 35 7069
846 1 7751
342 16 40958
384 1 20804
47 41 23755
566 12 13194
4 33 34350
321 30 24132
446 27 5621
314 44 36137
973 36 46150
678 34 30057
607 2 20811
78 4 8355
35 35 25597
388 43 15001
592 35 5553
2 4 31587
350 6 28250
849 31 33776
323 19 21384
550 20 5616
31 44 21615
311 12 44545
317 16 27552
824 28 15220
164 40 28320
112 2 17237
149 42 31672
994 49 9652
468 10 7932
900 27 14001
333 31 22049
125 18 41368
954 39 45664
155 3 26696
982 38 647
299 0 35845
436 21 19735
189 32 22301
471 45 48860
5 8 38284
612 27 6795
766 23 19216
923 2 4150
367 47 1741
173 10 13186
224 24 32600
898 39 49090
15 13 17011
823 26 44829
415 35 23973
358 44 28183
473 24 42585
161 20 5926
660 46 7806
304 26 35352
695 40 40648
23 17 20660
583 32 46344
932 29 26369
385 3 3481
562 48 44010
731 37 3789
798 29 30045
988 40 32817
439 30 2526
730 49 1909
348 33 48416
257 38 45493
520 48 1022
668 7 46237
256 24 48603
829 46 48999
720 45 8712
953 6 12032
858 1 7849
607 3 25144
37 49 13894
488 21 33327
249 3 40984
454 5 11696
773 16 32975
950 40 41190
657 45 28598
726 27 35761
815 14 2959
768 2 44777
789 16 24392
961 32 6666
357 36 33187
613 44 1996
851 37 34529
411 0 10634
395 47 12661
668 30 35781
18 23 31198
742 34 15523
922 2 31845
298 39 771
945 3 1854
542 22 30073
324 31 41548
898 42 23090
740 43 42163
181 4 8559
489 10 29467
355 16 36170
148 3 1317
735 27 2637
16 21 45378
82 2 18165
719 12 2382
430 6 49494
667 22 45678
75 19 18090
255 29 35118
117 28 41100
946 6 17286
574 19 26255
854 18 31921
144 41 8442
876 37 23501
471 42 34692
178 28 41014
540 40 18866
892 19 37059
818 16 7857
763 24 21854
659 8 43106
528 0 47712
504 15 48494
515 39 41217
838 41 22432
475 46 12066
218 23 35213
836 4 15875
184 33 42377
780 12 14275
29 6 11128
224 27 14055
5 41 44211
76 6 45638
634 13 16463
306 35 25936
401 20 22226
869 17 2767
64 34 30995
396 46 49813
174 17 27000
510 43 5168
308 32 29214
862 34 41766
909 8 23471
277 22 30041
719 26 35412
16 15 37326
491 17 26325
537 49 3515
75 28 8065
590 38 26483
50 31 4254
771 38 20509
178 42 24780
100 34 1060
311 34 23160
346 26 32411
396 45 9100
670 47 4051
542 45 12508
224 42 14289
964 9 21903
787 14 41516
596 3 39185
377 0 48113
621 12 33809
1 1 40049
481 2 33221
222 3 16653
36 46 25214
771 6 33365
601 4 26954
62 21 30025
69 45 49131
712 0 13405
661 38 41021
442 39 9260
517 38 19153
914 18 19292
632 24 40280
598 9 47666
307 20 27164
647 9 47692
308 40 34072
536 43 34061
466 42 45075
378 26 18974
101 38 28164
220 18 15350
655 23 42802
162 45 26458
347 21 22549
300 13 16075
809 21 21975
962 23 3389
996 13 34028
294 11 28792
124 26 35150
430 9 19487
341 44 10124
495 36 10086
607 18 18423
264 24 48786
27 39 11353
878 25 40242
884 49 14250
774 15 8045
527 14 37592
386 41 45900
672 15 43179
502 23 30894
132 7 42135
794 12 39905
4 11 44120
553 11 44801
742 49 25355
41 8 9101
637 0 18814
839 28 25475
947 28 41722
439 29 49473
545 9 35934
646 43 24361
807 30 14498
836 8 15437
727 38 12286
740 32 25774
135 10 46342
712 22 28131
784 49 26176
472 0 24262
816 7 6998
794 19 824
760 48 34020
770 41 30713
777 11 3743
251 4 25384
153 41 36658
602 46 40724
944 44 22815
736 38 35821
914 15 43709
279 23 48911
300 9 28896
682 37 9417
407 11 43203
702 34 1042
613 8 12230
767 36 30017
911 31 9198
869 25 6601
661 30 40660
465 8 4594
947 31 3056
534 26 39503
276 39 27236
226 42 11925
203 42 22656
134 10 17514
770 5 37083
919 34 29710
345 0 33103
27 35 25320
216 3 41386
751 7 49832
658 2 26818
212 46 38237
467 39 20322
645 32 35667
431 9 2657
59 13 39756
658 22 2086
97 19 32473
539 31 4443
712 21 685
929 24 35953
261 40 17584
503 28 37359
418 22 48423
183 29 34137
154 18 1375
96 26 28010
64 7 14170
984 41 10365
369 4 2540
516 9 12746
693 46 28638
164 11 13665
829 41 20283
29 27 30078
930 35 35446
153 5 35838
477 39 34776
991 5 36713
640 1 12625
978 42 21440
747 44 36952
965 2 39549
867 42 21121
949 32 11430
584 2 11420
533 11 5720
57 38 677
409 23 13702
530 23 6435
644 17 17761
851 19 47978
928 33 7425
45 4 46236
43 14 42452
273 22 17120
152 26 21426
396 20 49795
752 9 33284
979 31 5296
847 26 34770
310 37 12862
762 44 41445
632 1 33023
190 12 35471
906 9 36420
847 24 14360
375 7 4542
639 6 10994
209 25 529
347 45 31599
681 47 28120
384 38 12030
757 21 8509
759 15 3595
6 3 31601
20 16 29106
610 37 41283
924 34 47372
437 25 7025
434 9 32581
121 25 28380
208 30 24072
360 4 12741
460 29 522
854 46 41171
310 33 781
548 2 3351
803 2 45530
352 42 17695
660 4 42086
113 44 37662
17 1 3537
172 12 23760
198 44 43609
142 48 3302
845 27 41472
248 24 6137
744 21 11359
901 16 16926
584 11 34440
247 3 20252
31 37 10859
468 5 37040
282 6 26245
640 20 40210
321 45 1364
555 33 22985
333 33 20968
799 13 8372
18 10 29082
125 6 27967
620 4 14109
410 21 9331
306 12 4029
436 45 10133
186 22 12217
528 24 32414
683 14 25259
240 1 30532
755 24 39780
234 12 32525
46 16 20446
784 36 48150
846 48 9661
814 44 40871
91 16 21616
339 23 25319
748 15 27007
173 36 16786
893 40 4659
927 1 12174
822 11 46143
949 18 9041
161 8 31037
90 8 6950
20 29 22947
411 10 13747
723 2 44682
396 23 12276
679 18 4002
568 31 22124
27 5 2195
883 13 35814
517 29 28021
959 22 26805
606 2 19966
264 14 43196
255 41 14024
231 6 5394
331 49 21022
173 45 2261
611 38 30987
309 30 25265
401 39 28337
173 41 2567
453 26 48788
556 47 49426
945 2 47694
72 34 20544
60 34 47913
716 19 38621
388 5 26637
672 46 36475
619 25 29745
183 34 40077
722 36 42800
480 29 19198
499 28 31259
183 43 44195
461 31 44750
830 21 44071
876 37 3767
114 14 14193
937 39 39955
313 8 11919
799 24 49420
877 38 4996
363 22 39589
41 16 35313
922 3 9572
196 41 19349
788 5 31767
193 40 47450
789 3 4532
754 15 36658
888 38 26073
833 25 30647
138 30 8822
441 32 11124
116 17 38573
98 33 18404
356 18 4487
817 42 34876
72 27 18168
39 0 46351
315 44 10509
200 35 37138
275 11 4252
75 43 11460
672 39 1966
23 45 23523
292 44 43089
161 30 331
243 38 10425
553 33 17062
628 36 19375
800 8 37551
853 39 32874
375 44 2411
107 40 34533
113 9 26940
245 22 32916
539 19 16682
285 20 24592
263 8 47322
190 12 26547
847 18 49083
664 8 21715
533 31 42201
460 10 36840
146 41 49411
644 29 9711
677 29 9705
767 26 42930
343 34 20124
561 29 48208
670 3 3814
119 1 37702
982 27 48027
787 7 15129
813 45 22679
468 14 45479
672 4 22717
392 14 48668
21 49 13371
896 10 40291
67 9 38919
498 14 31117
690 33 47102
436 6 22860
313 41 6666
623 33 17641
948 38 39710
175 48 16985
265 10 20645
664 7 3267
771 48 25194
993 14 25234
412 45 5712
592 4 1194
387 15 27997
91 12 42692
332 22 29113
884 26 25804
878 25 10617
463 29 23769
84 48 27175
854 30 20655
969 4 879
243 43 778
613 30 45065
358 1 23151
564 17 47404
850 8 13678
615 15 46681
232 40 19934
385 43 10999
538 45 16739
350 2 8063
707 1 21438
250 15 37495
497 44 22710
989 6 19025
758 1 17700
998 32 14454
230 27 7905
859 45 40373
978 35 39806
466 44 18428
697 36 17526
462 42 30524
501 25 31136
471 47 15584
312 36 46782
15 12 20954
167 27 5959
281 10 21752
257 21 39066
670 2 44137
376 34 10458
748 25 39736
590 9 166
662 2 24159
172 0 4481
234 41 5210
102 18 6475
98 36 22367
223 30 48922
351 29 7678
526 0 32337
333 37 33191
789 24 16980
723 15 41410
94 34 6651
932 47 26821
850 12 46669
618 45 37933
509 4 13027
85 39 35498
267 49 5992
443 48 6417
663 4 13114
484 31 5526
293 32 36835
785 19 28910
56 25 15972
640 39 48823
928 21 48549
36 2 11154
147 3 590
660 13 8209
251 19 38373
846 43 13474
712 6 13200
160 44 43329
470 16 3604
889 8 26686
695 25 5283
56 10 18802
354 21 14469
573 19 27334
962 3 30897
180 23 47911
311 10 49767
680 28 49783
461 35 34124
120 2 4987
310 0 21267
948 46 12303
320 25 1774
953 18 23873
510 18 43012
695 35 8241
339 37 23660
525 42 36479
910 7 4686
862 44 25784
854 38 9335
976 44 44461
568 42 36990
608 25 12045
942 48 20507
546 11 41752
223 39 7342
858 26 9716
764 10 26128
988 11 11955
65 40 14127
428 37 176
148 1 13692
840 25 4500
301 4 40830
118 14 38626
619 17 23620
919 2 36958
300 22 46123
20 20 7823
736 44 42451
960 5 41630
733 17 39518
243 25 9294
642 15 13377
367 46 27845
274 13 11728
763 13 34276
588 32 44201
298 38 27550
787 5 45194
588 44 9440
382 38 44676
950 13 40651
625 49 9439
628 8 44015
321 34 26868
630 28 3363
888 22 20048
653 34 24824
368 40 18193
797 15 3636
688 20 30292
585 43 39439
469 35 1177
832 46 5350
83 30 11927
393 10 20529
587 8 25660
971 32 21027
946 6 37037
715 36 34140
285 40 30093
54 40 41580
177 26 30006
206 23 46087
688 29 18299
657 19 18196
389 20 22324
841 5 22978
408 17 37524
358 39 6796
387 1 3864
374 24 25923
670 40 233
904 45 37368
25 20 25243
483 47 43180
145 16 12087
67 48 8460
328 11 27525
228 43 47071
652 42 49126
465 29 11428
575 8 48129
154 18 2523
596 49 22892
373 6 30499
269 14 18404
136 41 42394
224 22 48096
786 17 35963
219 10 46946
88 31 32749
483 3 48195
295 32 6806
491 49 47371
460 42 33778
432 5 44941
962 26 41978
954 43 42743
902 0 7399
262 28 21553
727 14 24924
990 44 25134
206 49 18363
999 16 17463
46 41 30194
767 37 7532
632 41 11950
189 6 36270
483 13 2940
564 9 19763
995 48 46314
39 41 15190
454 2 46391
66 22 32894
943 38 27124
378 26 40468
619 0 43980
712 26 36864
484 18 28705
982 1 39083
612 25 36243
662 13 14824
402 32 34793
135 17 1541
117 12 34270
587 23 44754
650 38 13638
32 15 2774
563 20 41275
504 16 37443
950 32 30337
409 13 29285
101 23 7213
275 45 17274
342 43 47070
650 18 39681
813 8 26871
105 2 5771
889 3 42783
185 48 927
281 35 17923
923 15 42012
42 41 33271
268 23 4878
721 14 45558
783 24 4538
878 40 27109
120 1 13696
26 18 17272
329 15 6432
358 4 12211
69 4 40227
711 24 20878
633 4 9664
687 27 33658
506 16 36598
907 21 40713
726 11 45496
188 15 6089
112 11 1950
491 40 42669
602 44 38199
416 29 4640
387 46 15809
770 13 28379
329 49 865
491 38 46223
517 30 9021
431 32 9109
147 14 18668
440 7 14278
442 37 22201
99 38 9992
310 17 34913
308 12 21691
493 3 11652
291 11 29939
907 31 13210
546 28 44869
918 27 36870
761 44 13869
939 24 44987
666 21 5468
803 14 24095
311 31 12115
183 45 34057
517 13 33856
414 29 41995
606 45 37794
662 36 16887
430 16 20893
215 13 40781
592 21 3083
837 15 34744
599 4 10100
698 2 567
487 22 31030
356 27 27520
429 39 39592
484 0 14439
171 25 31481
343 9 42931
843 23 727
20 27 38125
352 9 6716
100 37 8900
365 15 47756
241 39 38195
928 14 8503
515 14 7288
2 15 37817
511 10 30839
862 3 13102
509 47 48660
488 35 15462
626 36 46345
372 39 39090
109 10 43817
681 48 25797
217 7 23037
598 47 46726
747 7 31824
157 18 2685
310 18 376
447 14 37589
329 27 29630
438 47 41625
278 37 41456
597 0 28141
533 23 6114
121 27 43136
763 44 36919
319 36 46323
427 17 30855
778 21 19487
211 19 46610
343 46 15374
813 1 32454
207 11 30738
126 33 33329
501 8 29008
696 22 27460
490 38 9080
123 16 42847
637 43 23921
187 40 13837
308 34 48135
340 36 42280
60 12 16239
944 20 6923
939 9 45295
108 20 10509
321 45 41790
150 46 36891
744 48 8028
867 28 33365
132 2 2119
458 9 31126
674 19 23419
147 46 27103
780 21 28051
856 0 8402
334 32 49859
97 10 6494
562 48 31472
362 16 43283
983 38 49376
404 11 4981
294 22 43416
366 14 32714
259 49 3929
663 8 43424
780 44 22442
774 10 5377
38 49 45628
832 22 43690
228 26 1172
408 31 17368
525 11 1824
902 30 4511
221 2 35614
626 36 41634
254 12 12186
505 26 2384
408 9 11034
132 13 5663
600 25 18926
78 38 45608
544 38 37165
48 14 9612
461 19 31573
515 42 26104
456 39 17852
549 16 2097
821 14 39848
214 8 37145
525 28 4406
293 24 6111
659 30 17097
385 28 319
417 13 22929
948 2 30650
117 9 28602
902 40 23032
499 46 1447
232 16 16252
569 32 37328
369 19 39254
222 8 35169
867 16 11362
339 10 12179
19 0 42317
736 13 6945
953 38 49687
78 31 898
255 44 17188
537 4 12269
489 8 31636
663 27 32822
602 37 1963
266 33 32159
614 30 31051
796 34 19993
430 35 3422
224 45 39204
75 44 27349
922 33 29159
478 47 28306
908 20 36716
132 33 9782
676 27 22653
95 33 6549
533 7 37162
888 2 33362
435 43 4547
941 27 49338
350 0 47645
4 19 31354
807 4 45882
729 45 8319
30 6 16084
965 39 32155
923 27 20009
559 46 28775
907 28 30622
858 13 31542
311 47 20345
204 31 13395
750 43 14401
765 37 29446
505 41 7637
537 14 37083
967 6 19234
413 26 39516
850 45 6976
879 8 48541
573 26 13259
887 19 24859
35 18 49449
175 41 14513
831 22 1350
990 31 45037
644 18 22996
785 47 6674
971 48 26574
474 29 20536
512 8 2224
189 34 47615
912 15 35640
817 4 36466
421 10 30064
82 0 48286
643 43 43485
561 7 12975
803 32 43025
835 26 14827
658 42 40124
610 20 34752
906 47 8738
387 8 26669
811 12 4398
618 8 7085
982 35 29902
636 0 35316
254 33 8943
558 21 48057
207 43 23364
446 29 45147
391 17 5379
904 34 5211
455 12 44391
356 24 20923
314 34 40691
715 45 46071
555 26 9473
190 23 37353
708 5 59
993 36 20253
100 1 813
615 34 42845
924 40 7404
708 17 44936
155 33 6591
973 33 38448
429 21 15814
690 7 36287
103 24 5360
889 5 45793
772 0 37768
612 14 13068
744 23 11166
346 14 27192
67 26 31070
387 19 25452
977 48 32462
5 45 32544
983 37 5259
123 46 27133
251 36 3906
616 4 12315
433 26 44626
437 46 13068
877 43 22316
422 46 24944
18 1 10509
383 22 32987
836 45 29316
613 18 3190
654 44 36744
462 49 28375
716 40 9490
999 4 11070
972 35 18586
139 8 17848
311 33 26216
315 36 658
897 16 19567
61 1 980
69 29 34192
244 13 33867
247 37 6509
953 46 24657
489 24 20845
210 2 16735
92 31 48276
163 38 32764
480 43 27266
849 26 48025
347 3 34019
568 20 12025
930 13 41210
609 11 423
844 5 46048
456 29 31234
878 5 31905
171 36 10155
941 44 43528
350 1 18659
272 15 40644
785 10 24211
450 7 41190
431 1 36475
615 17 4784
659 28 23869
492 12 22515
67 4 17230
407 11 36479
982 25 49758
897 35 6262
415 29 38034
522 28 47362
288 2 37810
373 21 35478
838 26 49899
124 16 14586
14 2 42565
885 5 35040
521 12 11607
990 0 18819
691 40 22542
804 5 5473
304 27 9741
428 38 37948
668 37 26234
853 15 2715
987 19 31185
185 18 38859
420 15 29632
948 3 41752
467 46 32364
694 5 48491
322 6 17025
163 22 29169
577 11 10328
60 18 44498
702 25 14138
994 21 48441
817 16 11993
138 40 47407
368 18 43956
945 25 25885
783 0 34474
332 1 32627
124 1 38847
462 29 41095
357 35 3716
174 36 30775
800 20 24718
665 8 48036
970 0 46219
175 14 47635
216 24 23284
608 8 21076
825 47 42814
711 16 36051
879 34 46847
707 11 38361
790 0 35245
216 1 39589
251 5 37316
874 39 47138
500 28 34678
320 42 43553
513 31 26152
698 29 46996
320 18 7892
252 45 32099
132 17 26367
786 11 16456
30 8 23072
0 4 18810
281 0 41584
165 7 16304
179 25 13319
830 7 47449
863 48 37171
551 8 12839
477 49 31044
74 26 46502
25 22 21246
997 41 29893
150 15 45341
887 44 20194
405 11 1484
370 7 23324
311 49 15410
54 16 1074
126 19 21417
365 7 31613
117 29 30046
88 35 42784
975 36 34641
429 48 45055
412 39 5374
94 38 15549
703 35 3228
24 35 9845
47 28 21620
24 30 25588
292 35 11381
880 25 13963
977 38 22436
411 46 1431
403 28 8044
47 8 30188
985 39 36394
246 16 13679
814 46 925
510 28 37019
863 39 41499
221 8 40566
718 23 15520
825 28 40024
581 45 43332
495 1 4561
188 42 34343
13 43 35499
932 48 24573
129 38 2370
980 15 19857
6 2 12830
269 21 24031
989 23 4759
666 6 32886
491 1 43473
367 34 14222
906 22 5719
904 24 16910
83 1 6675
184 33 47430
244 26 19679
217 28 246
262 10 26861
461 15 14321
605 29 37017
527 30 18996
93 33 33443
234 28 28464
837 16 964
799 12 13458
1 28 44393
355 7 45915
834 33 30232
133 46 18832
854 25 30323
189 5 43344
304 2 33400
51 47 38762
544 39 19397
854 32 35066
997 16 32391
556 10 512
789 44 29118
90 19 40564
878 21 48812
276 37 36332
327 38 11926
516 18 7400
500 40 3304
205 40 32878
56 14 6055
310 20 566
559 27 23120
987 27 35595
872 29 35886
164 16 14070
963 39 8369
7 2 47847
535 2 38609
875 42 42520
761 18 4225
894 14 5786
187 48 39503
759 22 49806
185 27 35483
751 40 20948
51 16 36501
854 18 42039
406 41 35023
313 22 3577
64 20 4304
258 22 10919
618 6 7358
584 4 14486
692 34 21618
559 43 36630
94 35 35424
419 49 15121
256 21 3762
474 44 33414
314 12 35546
197 38 14635
103 18 26089
77 11 31405
868 46 27288
474 16 3685
648 36 18344
22 13 6142
508 37 12065
35 13 43074
233 44 49599
977 42 43848
299 1 43541
660 19 35987
558 28 27186
713 34 39135
394 32 14770
239 46 12264
904 42 13538
790 45 28590
225 20 10544
134 44 48801
864 49 7682
610 27 35965
768 39 9564
37 42 13128
195 20 47850
649 2 19716
368 14 8788
613 31 33320
69 1 49140
683 29 46769
740 41 26423
756 3 11736
861 48 19798
504 9 44993
884 5 48873
73 42 1810
740 31 386
546 7 32179
345 20 39156
683 10 21431
208 43 23988
163 43 27014
100 45 49581
851 34 30310
352 48 30392
224 27 32030
403 38 1441
410 7 25784
782 38 14462
672 12 41287
562 11 32486
991 34 43737
733 42 12248
944 23 47768
17 13 20808
205 16 31563
956 38 1927
118 45 20747
99 21 26635
484 29 34132
288 5 26711
923 31 21896
276 2 38059
746 43 26442
625 33 45456
125 45 49067
681 40 31927
765 31 21326
749 5 35705
768 41 7147
603 49 32005
735 13 35305
294 9 19803
253 19 913
121 0 48304
101 35 12943
465 10 8631
740 4 44734
299 43 5756
179 5 10791
905 32 1129
132 18 3669
377 36 46501
118 17 18960
63 4 27057
681 6 40146
108 10 6448
531 26 17621
370 20 32738
68 49 35884
534 6 20957
186 47 6589
393 31 18079
459 13 25792
18 36 19853
99 30 34999
397 44 24477
249 3 26825
362 29 24806
53 27 31506
606 44 11689
300 15 16580
714 24 17285
886 48 28928
792 47 31120
268 11 15159
681 29 27577
589 29 17339
139 23 48523
924 41 44212
266 27 11007
366 3 49946
776 49 46322
887 27 41961
843 4 25333
217 39 19650
765 25 33076
664 34 12589
307 4 47144
232 9 42065
608 17 31297
807 26 48255
780 6 8332
401 11 11250
287 9 13827
444 37 15232
805 25 47938
553 44 3881
257 24 1279
662 49 10875
134 26 33872
630 31 14252
853 24 14748
265 7 8527
967 5 34354
187 6 42490
762 20 35829
652 24 26159
620 16 39348
76 49 29850
391 31 20984
329 8 17211
113 10 42350
432 0 48714
594 15 11953
645 38 31145
298 7 49926
438 18 9578
802 22 38147
401 32 39120
393 9 37721
596 14 30686
710 22 20922
477 23 17118
816 15 43395
539 1 11005
559 45 18569
711 3 40901
