500 20 3000 10 500
274 249 225 851 413 544 332 379 360 57 585 890 95 65 346 501 244 401 705 729 721 377 81 727 440 790 141 468 241 666 669 769 697 246 433 578 179 461 609 788 766 281 645 379 283 513 566 332 227 151 729 772 477 896 815 457 114 879 606 638 138 74 872 381 355 787 468 484 678 332 197 304 202 793 108 225 749 452 304 198 405 259 693 368 213 530 319 186 574 240 610 695 426 878 620 767 561 744 281 502 417 811 135 747 637 616 636 140 124 890 239 818 560 135 85 110 731 155 506 518 143 741 103 776 280 507 581 261 82 57 190 170 139 481 449 517 608 529 187 390 383 342 126 462 448 542 577 357 391 147 681 227 370 887 572 898 490 419 686 356 880 134 691 154 430 829 620 377 136 317 875 684 580 587 570 540 816 311 534 515 545 325 53 267 177 719 795 799 473 753 481 364 504 268 568 354 860 286 535 746 398 381 709 405 820 327 542 338 306 883 628 471 442 212 778 81 335 178 602 744 713 556 432 739 551 385 185 845 778 246 327 218 732 860 538 145 115 163 884 712 309 190 432 541 639 630 631 112 789 234 825 132 137 176 369 852 841 813 245 644 305 522 680 544 416 273 239 435 711 839 596 221 813 748 607 733 411 116 690 410 209 382 586 584 302 249 306 645 122 566 744 518 870 237 461 432 863 233 105 887 90 763 833 450 137 187 557 491 833 682 839 52 363 827 492 626 652 885 778 126 66 488 264 316 449 436 244 700 350 250 496 397 676 270 677 768 799 395 523 583 691 805 230 871 603 172 428 705 334 54 393 595 264 677 169 183 663 473 759 179 194 56 358 727 342 639 818 56 310 152 108 658 742 880 557 66 394 741 557 842 502 404 570 122 279 798 722 654 630 83 527 405 811 771 664 223 416 738 798 580 685 77 59 204 805 446 191 311 603 304 77 775 549 418 678 422 774 136 653 815 803 542 159 324 368 433 335 85 88 804 890 563 77 81 561 146 755 795 836 383 189 411 156 244 188 461 155 811 615 217 836 536 766 59 743 121 766 735 897 695 566 578 649 562 600 314 52 660 456 673 534 872 836 622 424 202 796 739 715 722 640 141 148 411 515 834 793 681 492 371 336 546 684 621 71 876 500 883 359 235
1535 8
0 5441
1 8477
2 9052
3 1758
4 3392
5 3138
6 1750
7 3916
8154 8
0 4294
1 1720
2 9362
3 4982
4 9691
5 9595
6 9854
7 6258
5613 3
0 8509
1 2085
2 4392
1218 5
0 4860
1 1185
2 3674
3 4778
4 8098
3302 4
0 3223
1 3162
2 6928
3 7293
6574 4
0 3959
1 9150
2 1295
3 2421
7010 7
0 5657
1 7949
2 8965
3 2085
4 3269
5 7150
6 2183
1086 2
0 5110
1 4575
2129 3
0 6603
1 9706
2 3740
4742 5
0 7477
1 9552
2 6115
3 8824
4 9881
5327 4
0 3056
1 5328
2 3928
3 3801
4298 5
0 7006
1 5657
2 8271
3 1459
4 2372
1704 4
0 8785
1 6063
2 5915
3 6405
1584 0
8788 4
0 1055
1 9401
2 6140
3 8239
7203 3
0 1708
1 2229
2 9586
6060 0
6182 2
0 7676
1 7597
6871 4
0 1351
1 6537
2 6529
3 6201
5331 2
0 7040
1 6056
133 10 8395
90 4 47524
190 5 42384
416 17 25696
45 10 9807
222 5 30913
289 3 46487
156 3 6039
1 3 21143
293 3 33673
77 17 33806
80 10 32556
477 0 19244
413 5 44688
283 6 15308
447 9 32615
371 17 36582
23 13 17275
226 15 33458
334 14 2150
477 1 9991
268 3 25168
19 2 14487
407 13 8594
470 1 42644
77 15 41328
172 10 23626
108 4 13010
1 11 10366
497 0 1099
497 5 36275
302 3 12433
451 19 33181
297 5 25374
341 13 31492
345 4 32400
26 19 21505
60 7 6333
344 12 15210
413 8 20881
486 3 4012
217 13 3901
195 1 33940
19 0 10865
124 12 2139
46 1 40497
140 11 11183
317 9 23426
27 12 11050
49 1 32887
132 8 9705
169 8 11082
75 7 7728
26 16 41625
463 14 33331
271 0 30549
429 18 17300
285 15 6804
431 5 16837
199 18 4328
3 6 6954
386 18 35671
128 10 31358
90 10 48802
73 10 36045
364 12 29309
163 15 37015
417 11 20555
343 18 44904
54 3 21284
37 12 42817
282 3 32599
204 11 25406
23 14 37028
295 12 21934
392 18 17054
345 8 4118
285 14 43163
404 7 166
421 7 34855
477 5 42452
78 17 16325
398 11 24337
72 10 38717
278 14 16236
287 19 48327
463 12 31541
193 0 17867
79 17 12729
36 12 41557
236 16 35502
286 8 24998
262 11 41401
313 11 41028
118 15 45355
105 19 32739
373 12 29008
247 8 18195
251 14 27658
118 12 39475
258 15 39143
74 9 39019
213 9 25928
50 13 32387
12 5 23927
2 19 46406
108 16 29156
312 7 36773
350 5 25930
67 6 43749
251 8 14851
242 9 46244
436 12 33993
89 18 27597
65 5 40476
380 12 28592
392 7 36240
156 12 38047
206 1 43998
187 16 47748
39 0 2319
378 4 6962
260 14 8031
401 7 48241
479 9 12176
355 6 38516
313 2 2964
440 15 13227
188 11 21771
211 3 41599
310 5 4660
180 17 14306
335 16 2127
408 17 46844
307 5 17325
411 17 2827
359 5 33734
71 17 28469
279 6 49123
358 12 9298
72 2 11907
115 1 26428
299 12 6662
59 7 45105
84 7 19594
153 17 26
198 1 17280
29 19 1242
7 4 14596
124 5 30221
458 7 9205
474 13 16380
40 6 9586
170 10 42153
327 4 25761
228 4 40885
299 17 27721
307 7 32798
90 10 23483
247 18 18575
166 0 41175
251 5 14274
425 17 43061
74 18 10404
144 2 46883
41 9 32111
83 16 21458
464 5 49973
250 2 44489
118 12 895
456 7 34827
264 17 30651
119 16 35590
186 10 37574
227 11 46352
156 1 44726
449 12 8301
376 7 27597
116 16 3631
374 2 28623
26 10 22451
367 12 8407
399 16 38323
205 5 11132
496 10 13660
368 0 6533
49 6 43722
38 10 31233
29 16 18650
242 14 31902
86 1 12025
144 14 8891
275 12 1647
307 2 27406
168 17 47421
364 8 15689
76 19 46899
393 5 44314
206 6 35013
326 0 45401
329 11 49555
444 11 5344
285 9 47809
124 9 40402
225 3 7123
232 0 14622
408 15 10773
316 4 48491
72 11 46027
71 0 9557
409 5 34948
83 4 24448
77 8 9052
11 4 12136
480 2 41744
234 2 28271
23 2 29139
441 3 22006
375 4 23830
359 5 3094
288 7 19813
413 7 33373
225 1 20424
250 14 22475
368 12 42012
108 10 48600
10 15 36945
174 2 15322
75 6 31904
250 16 37938
307 3 45348
115 14 21434
209 17 13120
163 13 46913
14 0 30002
295 12 2120
291 14 10573
380 6 40897
327 1 9460
321 14 10640
491 0 47097
392 10 14589
338 5 14116
241 10 26352
158 10 45389
403 8 7043
262 15 24684
143 8 15461
59 19 9861
16 2 33968
207 15 6443
418 10 15101
203 3 1175
363 18 13392
144 16 15630
12 8 2220
321 16 19246
460 11 29415
342 17 27182
137 9 31662
319 8 38521
52 9 43675
494 11 20429
356 9 2448
219 4 20653
386 10 44663
258 18 34216
352 17 23332
117 18 7147
351 14 2309
478 19 44780
337 4 49992
84 8 11963
32 12 42023
93 0 23203
140 18 40186
455 16 21871
405 11 34043
168 9 23791
204 11 21127
405 8 45341
496 16 23842
65 9 9929
327 6 20944
13 13 23255
339 19 22463
276 11 43931
434 3 21722
104 8 34200
407 12 12459
460 8 2090
278 1 7838
160 12 23045
170 16 26607
46 8 6008
265 6 18419
164 18 32221
30 0 5281
250 5 8026
190 10 47279
265 4 32970
430 0 44759
6 10 42623
87 2 25141
495 2 31393
258 1 26722
99 10 27648
354 13 7153
299 17 14042
421 9 42087
390 16 23282
317 17 32529
330 3 32720
275 15 34353
486 8 40172
279 17 41154
190 14 14533
470 9 41820
122 1 13974
324 5 21882
325 18 25431
424 6 19541
303 10 29935
336 17 25094
309 17 3363
460 5 3608
303 6 19807
119 1 21607
409 7 106
232 7 21827
479 11 25228
483 5 39231
431 16 7260
278 5 25845
251 10 38938
101 8 4162
224 8 45523
432 18 49760
33 12 34013
219 3 29027
169 4 7275
400 2 46185
460 2 47868
344 0 24761
111 10 34818
240 10 14175
439 1 31346
63 11 15545
377 10 21040
41 18 39969
59 6 43890
208 9 23680
453 17 41128
482 7 25652
278 10 12515
121 19 14681
214 16 27277
473 10 5954
469 16 27897
237 17 44370
462 16 44359
302 12 47901
215 10 20517
26 6 33558
412 13 42241
62 17 37106
350 0 37789
342 0 47120
291 7 44447
104 11 44972
173 0 21959
166 2 38019
88 15 31796
59 19 16777
442 4 31913
5 19 27336
163 9 41362
425 7 41089
166 10 8361
284 18 37150
363 5 7272
480 17 15058
445 15 10265
282 0 18013
8 13 34136
57 8 26673
461 6 33443
82 5 6646
0 9 33817
150 7 13456
411 15 30042
381 10 44741
458 5 19401
169 16 27273
187 1 15326
322 17 39559
220 15 33134
225 15 11291
355 16 30522
81 18 24729
114 7 43512
469 9 2892
106 4 11469
368 8 42454
279 12 10459
175 4 10035
94 13 26651
420 19 8549
374 7 28184
291 18 48136
367 2 891
368 15 6473
139 12 8646
187 8 49046
488 12 14985
434 4 24748
117 11 35475
424 9 16040
178 12 15575
140 9 15972
476 12 19460
174 6 1890
166 19 38387
42 6 10891
114 13 30003
397 18 21382
63 6 16352
444 16 31509
183 15 43765
382 15 16080
271 6 38379
187 11 36137
378 15 15721
187 12 34003
221 11 25960
150 14 42194
384 2 23818
95 5 2744
372 0 30667
402 7 34291
374 4 22661
77 1 5180
252 6 16445
128 8 8078
299 7 16811
130 2 35067
88 19 35388
46 15 12850
383 10 46388
319 13 17387
359 13 31456
331 5 11442
204 7 40494
45 5 2365
436 12 24810
374 6 38842
92 7 6793
245 18 41792
369 0 45908
39 19 29677
350 7 32231
298 10 9534
254 9 12057
325 13 21636
67 2 45049
52 14 12456
384 17 4082
65 6 49985
395 17 23770
32 2 17761
359 17 32812
84 1 7772
0 14 12610
7 17 2380
413 16 21898
304 16 28785
275 9 38036
71 9 36144
52 5 23064
451 1 42997
311 1 29029
311 9 6583
376 14 38556
259 17 15693
189 8 41857
307 0 45343
85 9 42523
18 8 41636
220 11 29093
280 1 36443
412 2 25907
433 11 34484
487 17 37859
474 6 8368
304 18 24555
25 12 21102
393 7 31486
349 19 24853
427 7 41634
224 19 20186
329 1 47594
144 6 31797
266 4 38812
82 19 40454
350 11 41821
83 18 13755
397 16 41549
201 0 10480
145 9 21703
363 14 33974
114 7 33285
442 6 49757
318 9 49558
440 17 13700
374 7 7195
64 18 39045
382 17 43375
464 2 49346
327 19 44213
366 19 16887
398 4 9653
458 1 4266
473 13 30977
266 8 42980
360 3 32615
306 0 26518
87 8 8243
342 15 48263
240 18 27899
497 10 25422
243 5 8394
326 17 20525
53 0 12584
348 16 38284
341 3 44598
121 1 49717
460 6 16811
205 4 15137
28 5 18102
318 12 762
24 13 47539
254 6 7852
141 2 41445
175 13 33798
37 1 11539
406 5 31950
279 13 4130
56 4 13614
499 7 11459
36 2 13593
307 18 43245
74 3 28520
404 8 6747
2 6 2283
355 11 36947
72 15 36402
457 18 1484
82 12 39166
361 7 2097
481 16 35163
417 16 46632
381 8 5670
337 4 4410
21 4 18440
481 16 21069
77 2 21675
293 5 17456
7 15 4548
310 18 8541
367 7 5185
377 19 33822
6 2 16045
457 8 4421
262 8 28711
9 14 49032
372 16 4277
79 13 42846
214 15 16218
18 16 36701
14 10 18589
301 19 15914
427 9 36333
357 7 23741
166 19 25408
485 17 42217
125 18 26809
305 5 23698
330 14 9738
450 11 41327
218 19 47792
263 8 12288
144 13 5507
157 0 34277
338 7 2322
186 8 3125
453 0 18619
313 10 38752
17 14 21741
217 19 2068
384 6 17664
398 18 43541
19 16 18566
186 5 42223
119 7 35364
15 12 23745
497 18 14312
492 10 24895
88 3 19026
443 3 27219
382 2 35085
331 5 20300
410 19 22342
413 15 7753
414 18 25484
279 16 29171
477 4 22379
349 14 33327
26 9 41498
296 16 33815
448 2 37603
390 14 5551
473 17 9937
179 16 9302
397 2 45502
173 12 21597
204 6 31805
381 16 3737
399 17 27680
38 8 33212
405 9 12926
493 13 47696
73 14 47339
279 9 16771
212 3 4670
353 10 871
366 19 12898
308 16 47888
120 18 45194
212 2 47470
164 9 9254
251 8 24384
210 9 40235
98 15 33220
238 16 20952
297 3 44346
135 0 49658
335 12 47914
428 9 14278
347 14 45686
481 13 4031
153 16 28066
23 14 25144
260 8 12264
95 9 1890
281 8 9563
472 16 45248
443 16 17600
228 17 5478
34 12 49229
170 7 1230
232 11 36038
278 17 1665
231 8 25307
112 6 43675
43 10 14774
111 18 3418
254 17 10429
230 7 852
137 4 27452
228 14 14538
147 9 5362
59 18 15374
295 17 29630
303 2 10547
403 9 27290
411 6 37538
379 19 5039
180 0 18521
277 16 41906
55 0 39358
437 10 39184
292 4 5039
481 17 32009
102 1 20241
155 17 35230
263 4 24193
95 2 12178
236 14 911
238 15 47126
384 2 25480
300 12 45492
32 18 18024
398 0 20862
491 8 32413
145 5 20833
41 19 31724
306 14 18442
70 0 9843
110 0 938
310 5 484
31 10 14375
112 0 15544
73 0 31182
27 5 27514
428 3 10600
38 1 3454
249 19 34146
286 6 13696
482 4 17078
146 12 38460
325 7 37695
129 19 18942
389 18 14967
353 8 13910
204 0 7817
80 19 12885
36 3 19859
58 8 38458
451 16 48649
251 9 23477
323 13 38574
331 9 10598
52 6 233
132 10 290
58 12 32161
130 14 48723
35 1 45482
83 13 14757
236 1 28732
493 10 2901
301 18 8636
318 2 22499
301 18 41996
203 10 4845
428 12 5671
416 15 28022
400 10 22969
490 1 32373
81 0 40160
361 14 32847
35 4 15462
419 0 12126
170 19 17546
140 6 23968
194 13 42664
323 8 16816
99 10 29258
192 6 48736
313 9 41864
104 19 3794
9 6 39777
32 3 40647
348 10 33726
72 15 31669
92 14 25379
142 1 37030
191 16 14682
125 5 39772
303 19 49160
389 5 13580
325 1 23015
312 13 20629
175 17 48475
87 7 27160
207 1 15408
155 13 3734
174 5 9234
293 16 27659
104 7 28481
424 7 38867
276 6 11462
96 12 28471
268 11 16291
36 15 12953
383 7 26808
59 10 22133
495 12 10176
308 12 8830
83 4 41595
109 14 14436
90 13 2232
29 12 45294
62 2 31021
85 16 31153
105 16 36175
432 18 22684
465 9 26711
379 15 4381
248 12 13532
144 4 31412
351 2 38803
409 17 186
331 4 41742
144 11 40055
164 7 10494
190 13 34779
210 3 28682
489 10 16108
356 15 23533
193 17 42078
50 12 34471
17 19 35382
339 8 11702
149 11 34226
211 19 14828
185 8 24478
19 7 18494
497 18 20986
362 15 41639
333 5 4741
479 9 45003
70 0 44230
468 16 20895
192 4 45693
370 9 2461
11 2 15284
483 10 6806
134 18 42532
486 10 25243
282 18 10282
410 2 31622
136 2 39393
396 2 2008
352 13 12241
346 13 46501
57 8 1973
76 1 38083
17 17 12457
24 4 3260
93 19 10410
184 11 11382
496 4 43747
201 19 26630
235 5 7822
407 17 49192
210 13 17879
140 0 32002
170 11 49184
427 1 25655
248 18 26443
159 7 23027
261 9 39076
455 18 11941
201 13 49863
105 4 3796
338 1 23269
24 2 9804
286 13 39563
347 19 42065
351 18 24573
317 3 31385
21 9 35934
122 10 18538
267 16 33371
335 17 25399
195 16 8647
338 1 7710
361 19 26498
90 9 36415
347 2 13947
395 13 11332
360 8 45222
364 1 20494
193 13 9308
310 10 11562
11 0 5309
21 7 11425
266 6 14943
317 11 4925
386 17 29472
152 6 38573
201 18 48869
51 16 40828
22 14 47598
193 11 35371
200 12 44884
356 19 15438
232 11 26162
255 8 43923
494 1 31223
292 2 43912
310 1 8861
357 8 43256
459 3 18840
210 14 1233
442 10 4463
133 12 2005
34 17 20768
483 18 16712
454 17 8812
420 5 787
107 18 15612
71 1 42259
32 4 18296
416 1 49151
436 6 8192
131 3 12175
151 5 5139
78 6 32941
373 4 15660
185 17 19683
187 7 29024
254 5 37341
18 13 12071
38 6 41254
307 10 25188
340 18 39671
20 15 21611
448 18 30345
433 16 5010
135 9 5251
9 1 27841
419 0 3623
136 6 24217
148 16 15789
364 18 21571
310 3 35716
55 10 20802
341 15 33766
128 6 33604
472 2 15056
379 3 36112
402 10 22257
266 16 20988
70 9 12588
93 15 9384
114 14 38149
399 1 11891
198 3 11087
217 11 23515
403 3 12932
364 4 35998
150 2 7605
272 2 41973
107 6 20205
14 5 36807
418 9 21462
293 3 32976
326 4 25772
480 16 12457
249 3 30925
447 8 13048
106 3 13980
150 7 2355
37 15 5055
108 12 49463
36 3 27605
345 10 45389
267 17 45629
348 4 25508
316 16 31974
58 3 30455
229 17 27959
323 15 32313
181 13 3432
363 12 12960
280 12 31441
386 15 23787
162 10 2005
73 17 30836
153 4 16569
40 19 11271
230 1 24527
312 1 6732
214 15 7442
330 0 7001
302 10 1642
262 8 11127
404 11 3418
110 8 9815
68 10 1955
444 7 12058
204 8 47126
19 17 318
294 2 28490
491 11 38855
98 5 12984
229 9 49022
341 15 36575
87 8 24801
452 18 7305
485 12 405
400 12 13911
286 2 35354
365 6 15646
177 10 26182
379 4 37732
35 15 37357
82 12 45311
57 3 13852
386 15 41625
70 17 28629
227 4 23791
15 14 46197
219 16 8961
133 0 31820
362 18 36859
437 7 5893
259 6 12001
421 17 17429
17 13 36471
408 3 19244
148 5 34751
489 4 6653
439 17 20267
374 4 33886
346 6 39265
112 18 33977
246 0 2413
206 0 11992
464 15 21147
0 5 27119
467 6 49013
257 0 26344
71 3 43103
316 7 2842
226 4 41946
113 9 11572
307 10 20632
135 18 5218
77 7 47344
136 5 44753
145 7 995
184 13 23524
334 3 38686
415 14 20981
145 1 15042
322 15 46198
474 7 20635
144 8 2000
433 6 48609
129 7 17496
174 18 27166
0 17 36143
98 3 8629
64 15 20037
337 2 3187
196 12 26578
265 16 34601
341 1 21592
388 9 49918
473 10 11284
185 16 36677
80 13 4972
426 16 29357
173 12 49772
493 11 43117
328 8 47642
131 7 9331
42 7 31417
22 1 31699
114 11 43557
99 14 34122
367 11 13344
436 18 12715
77 11 47863
45 7 21404
375 13 12340
475 15 11761
39 9 834
433 13 16795
111 1 24215
385 3 38062
101 10 22933
448 3 35435
266 8 16607
453 0 18208
400 15 30514
351 17 27486
130 1 31994
121 17 31454
187 16 2244
221 10 5036
135 6 36888
22 10 8264
479 16 13588
479 5 24229
358 6 1076
135 19 41470
140 5 3484
490 17 23151
325 9 2950
459 1 27427
5 10 21069
77 3 12014
488 2 12475
361 18 8868
111 11 8185
300 7 20208
444 10 9499
164 6 34332
478 4 45843
316 16 37560
368 13 27410
407 8 29900
22 13 1703
466 12 24186
152 14 4688
120 11 3063
58 18 34614
495 17 44751
365 4 16254
308 9 47684
36 10 32965
407 15 29806
400 10 35206
233 12 46344
167 15 13227
221 16 25195
166 3 29870
483 6 48511
140 11 45077
344 10 2122
287 5 18022
141 14 41763
5 5 27680
316 15 1019
120 18 41574
135 16 40164
402 12 20886
437 13 3895
284 19 24819
205 18 15696
141 13 49593
204 2 42454
125 18 22012
492 4 9720
38 6 39772
74 12 7894
498 2 1184
114 0 159
348 14 26588
131 7 47078
421 0 28664
284 15 258
330 11 33072
250 6 9114
311 10 25515
466 15 1618
265 10 49085
280 9 13286
307 4 17236
116 13 14591
476 5 44339
353 0 45907
315 19 14326
319 14 16668
399 7 43512
132 0 49250
255 15 30808
189 17 15019
47 11 28816
438 3 7732
303 0 13869
467 6 4205
398 0 49959
477 5 21587
178 4 222
342 15 23881
91 1 16358
48 9 20971
437 7 47518
445 9 46828
316 5 4980
27 7 6386
225 17 46895
94 5 19169
67 1 36836
446 0 20889
443 11 21051
14 14 23622
158 18 16075
281 4 34077
137 13 35009
390 5 42465
78 6 20411
126 12 15685
126 6 49348
46 6 34605
11 4 2357
86 6 16799
466 2 32068
348 2 8653
439 13 45926
353 10 27701
222 18 14833
463 19 28612
167 18 17389
272 11 44734
491 11 16601
257 1 16381
47 14 13780
103 4 17361
149 3 45573
197 0 24775
44 15 12272
453 8 43780
358 10 43440
128 18 11178
397 10 14194
145 7 49761
478 3 20244
229 12 45808
138 13 11604
176 18 1338
440 6 9892
173 0 11558
339 16 40841
10 19 44690
247 7 38128
186 5 9915
296 13 12125
392 14 3988
83 16 47157
456 6 15095
493 1 23267
471 4 7071
342 18 17456
411 2 42904
73 19 13172
41 4 36836
259 12 46983
85 6 32613
170 10 10623
112 8 44588
416 17 21342
478 11 48632
332 12 4698
64 19 8089
172 19 33006
181 6 47130
399 17 24272
325 18 41004
344 2 30382
37 4 22940
495 8 45722
82 12 45824
155 13 23848
294 0 44253
308 5 14155
62 15 11616
190 15 4011
220 15 21844
355 2 38057
359 10 38235
259 11 41749
260 7 29175
469 16 22551
337 13 16060
166 15 22807
494 4 30544
111 8 11994
86 1 16349
493 17 25775
436 3 34206
232 9 1694
332 1 49022
145 8 2354
257 13 7810
269 11 36359
208 11 6260
120 16 4538
370 2 10609
46 19 13439
79 17 43485
292 16 14870
411 1 36629
155 19 14483
469 17 15359
131 6 47773
131 17 28377
240 15 20079
216 16 3705
126 1 25851
398 18 39974
274 7 14433
65 17 39002
309 2 24526
442 4 5244
120 9 45638
38 16 32335
225 3 11654
436 19 694
414 0 8231
93 10 47159
307 11 10455
214 4 2694
312 12 24111
498 14 36799
244 3 21678
143 4 15681
36 8 41417
114 8 30913
174 13 28424
49 19 41082
422 9 20418
6 18 48702
338 18 3630
48 5 33473
168 11 29213
452 18 41873
150 0 43964
459 0 24691
352 6 35591
102 15 16777
269 16 14658
357 1 35014
84 10 4680
78 0 9566
25 1 21977
157 10 34886
489 1 26765
404 8 12685
100 9 14716
84 3 36203
179 4 32005
447 14 31018
362 4 1228
475 9 26434
353 14 48291
159 15 22356
90 11 27464
31 4 11224
25 11 17440
442 12 25935
334 1 4925
196 15 5074
25 10 34887
201 8 19096
209 17 4260
481 9 9104
155 11 10105
27 3 10340
84 10 44405
463 18 29287
324 16 16819
368 1 38639
168 15 36291
447 7 9182
299 4 34780
2 2 28894
384 12 5575
126 13 31718
221 1 31808
268 4 41913
309 16 37284
323 8 3004
91 18 44847
280 13 20795
153 1 29640
165 9 13354
85 5 39005
361 19 13066
190 4 14596
423 12 26397
422 19 3719
451 5 44514
110 7 12259
419 7 36834
447 5 11691
410 10 29097
415 14 1226
20 0 41561
99 4 30399
58 7 39479
496 1 4313
236 11 42291
409 4 18640
31 4 31248
107 17 25663
104 1 43827
408 2 39230
168 13 22636
251 19 16186
108 15 45189
197 18 42620
153 12 14738
309 3 48405
480 15 19772
418 10 42184
1 16 21418
98 10 44612
33 9 37544
329 15 16050
154 17 45333
269 19 5867
127 9 33359
341 11 1749
88 19 13711
278 17 44527
80 13 41956
423 0 18750
399 6 47857
380 2 2212
49 14 25079
283 6 18581
47 5 19825
68 12 44452
322 12 34560
460 18 13406
413 2 30510
229 7 1622
124 17 10492
242 2 47103
412 16 23344
57 19 24736
5 7 28461
244 3 47834
447 14 26844
54 15 41203
195 19 40261
281 13 43970
179 6 11446
54 6 15593
94 3 48878
241 16 38691
33 6 43514
115 18 18096
277 19 5094
431 14 23630
408 13 34661
453 0 9568
474 11 1960
369 15 37502
499 18 44850
320 0 25493
359 7 29671
202 18 42990
139 0 25435
73 14 33991
89 9 35062
27 6 14746
241 11 8488
276 3 7329
227 15 44209
232 9 49564
57 15 20966
285 12 46934
450 11 47243
208 0 38702
38 11 8079
160 3 7838
51 18 15206
94 9 13289
446 10 23139
410 14 20643
285 12 9884
140 11 6504
370 13 17987
471 11 5877
245 12 30072
265 16 9070
142 1 29918
170 14 23501
178 9 46936
155 16 47206
131 10 19991
150 11 11832
369 10 11510
350 16 17312
354 5 15886
395 13 26272
226 10 6474
171 9 25508
275 8 48738
84 17 9069
18 9 39750
329 4 5190
23 17 7674
195 11 48856
149 10 24819
44 17 47613
234 19 36423
221 6 47748
488 7 25470
200 6 703
260 7 4248
295 10 18864
401 0 17164
481 3 46910
3 13 32237
274 13 44742
302 5 47016
207 14 43919
389 3 37227
17 15 4212
449 3 47909
457 5 45007
462 9 17305
43 10 710
265 4 17557
468 11 44487
389 12 40576
495 12 1548
264 17 26791
172 16 12497
17 5 45695
106 10 3024
124 0 4503
94 0 39726
469 5 21835
84 19 6509
354 12 27924
348 0 32276
27 19 48013
109 19 49129
302 11 47791
365 3 45058
338 12 42325
110 11 9930
251 7 8712
286 13 48043
393 4 22318
241 12 11616
177 7 2406
77 18 7235
334 7 24814
70 13 11602
244 10 4086
74 3 17917
239 19 35563
239 13 15945
235 15 39191
301 17 48634
292 3 36613
351 15 37693
489 13 5224
107 18 40764
366 12 33691
282 2 17824
306 12 48644
78 12 33388
303 9 19660
291 4 14488
128 3 8184
440 0 46659
368 6 33352
138 1 20119
219 9 16982
287 14 37952
153 12 47381
194 11 5902
133 1 48589
14 14 25314
225 2 1994
7 1 40206
199 19 24726
185 6 28943
150 15 28675
474 16 12171
412 12 48381
158 11 33112
483 15 19760
144 11 10169
230 2 9079
85 6 47893
26 18 2644
319 1 40432
380 7 47301
413 1 26498
69 16 28110
400 13 43517
60 3 2292
442 16 16737
334 10 6287
185 14 16756
169 16 24317
78 12 12243
235 4 6690
380 7 21056
309 1 40578
450 18 32192
266 0 47828
334 10 49483
491 5 15702
434 2 25665
487 17 2297
223 6 38449
354 7 19346
245 12 36912
348 12 27932
252 5 47525
310 17 37722
313 7 11699
421 0 39743
199 14 15389
478 9 3709
294 2 35725
425 19 46939
432 8 22711
285 15 4965
130 8 4331
482 16 5230
295 0 38999
378 0 22125
190 14 44861
254 19 28451
391 6 36710
142 19 12851
480 2 26980
79 6 41234
445 18 29335
454 19 17426
198 12 3326
493 2 42309
45 13 23841
475 9 26385
320 6 25463
5 2 31996
461 16 18209
357 11 30396
128 8 1307
447 6 22817
131 12 3023
76 9 20639
300 11 1727
110 7 39255
298 18 10686
410 3 12959
276 14 47536
496 13 2242
490 16 31432
468 1 41550
471 18 49434
234 7 14182
143 4 14770
77 15 48343
246 19 11962
49 5 44413
330 3 10274
401 17 33953
487 8 22918
367 11 40992
298 3 16765
162 11 48327
363 15 2642
268 14 43712
430 15 28779
367 14 17513
107 3 13322
164 13 792
74 11 49997
244 3 34406
288 4 47764
326 10 32293
336 14 27762
149 9 46725
368 4 29646
45 8 23789
178 13 10314
11 3 8795
66 15 31095
112 4 15157
491 7 49358
282 4 22796
427 10 30747
218 2 19048
139 15 11950
337 5 2811
8 13 13143
188 5 5026
200 6 10408
18 18 31234
243 3 36213
146 7 43427
325 17 47110
291 13 9451
450 17 41228
497 2 28513
445 3 44515
422 19 47295
179 15 10864
178 17 20772
388 3 19651
72 10 42662
67 16 45783
381 5 34132
342 14 28090
152 0 39268
460 19 36931
172 11 47969
188 11 20179
164 8 16122
400 7 26004
390 14 604
19 7 11201
24 12 6358
94 12 1103
347 3 20666
362 5 45322
59 9 15914
332 16 4724
414 18 26953
363 2 47735
464 9 27188
78 10 13631
455 11 41426
105 17 34285
439 8 18399
199 13 27310
387 2 26858
357 13 27984
244 10 18788
84 9 26871
236 2 6940
421 1 10499
296 14 9700
236 6 30540
347 18 8848
312 2 9893
288 10 9007
165 19 8082
83 2 8632
387 16 24828
315 3 23595
381 19 27593
54 17 6891
266 5 29074
209 13 13839
110 16 10122
365 18 38242
296 0 48991
484 15 48563
45 14 15173
27 17 4469
76 6 29020
275 19 14401
182 9 30147
251 3 36130
188 16 49986
374 0 10103
34 12 49669
442 18 12796
397 11 46790
201 19 2888
434 1 46680
94 1 26457
487 7 31878
396 13 42802
266 10 35933
298 11 29945
335 10 29703
19 0 24783
399 10 1807
248 11 5587
60 0 44171
288 12 16380
70 11 30168
465 12 8803
94 9 44001
116 17 26994
414 3 32747
66 11 24521
380 0 36562
355 7 6370
344 6 22472
473 2 20392
466 8 42119
156 19 6699
368 0 32209
419 0 24598
331 1 28070
121 7 12016
237 14 46463
349 1 49029
418 2 18919
18 15 23066
420 5 16534
153 15 4863
288 17 70
440 18 15684
233 19 21403
246 15 19100
477 18 35382
409 16 6349
356 2 22450
313 17 49166
444 9 44303
175 0 34479
37 9 42099
30 5 46582
245 13 94
295 19 20984
160 1 41865
347 18 4785
439 3 49945
334 7 23037
352 5 34352
168 2 32269
210 4 11059
449 14 7792
202 12 21489
459 18 39882
139 11 9338
465 11 47372
207 11 10601
461 18 6595
399 11 12554
285 0 49616
106 7 8903
119 12 10314
155 1 28261
33 16 10778
177 11 11980
196 14 45479
101 6 31228
55 14 38396
223 7 9661
315 16 35218
300 3 49752
215 5 29986
194 5 49753
60 0 44603
347 16 2925
400 1 32737
139 13 36397
482 3 46026
463 15 33239
446 0 35004
25 5 15206
74 2 15691
12 3 7367
359 17 44247
476 4 48482
145 5 25075
385 3 46931
63 1 30188
12 12 27732
349 19 25339
223 10 35537
315 7 33360
316 1 8620
206 5 2164
453 16 33263
291 10 25213
248 18 13766
132 8 47470
337 17 24075
221 3 1707
103 6 17049
172 17 46561
471 14 18237
95 17 3313
411 0 23128
158 0 33208
321 3 35647
190 10 13715
162 12 19287
139 2 20370
204 2 28549
151 1 28806
51 1 29225
155 3 568
112 6 33812
207 3 4208
424 4 14535
373 1 36445
7 13 47498
77 2 28531
398 15 39667
360 4 6310
0 18 40160
319 16 16209
2 0 11589
140 9 49801
262 4 8370
13 9 1906
321 6 18618
27 2 18732
56 15 28746
73 11 25028
485 4 49669
442 4 25354
212 16 9838
323 19 28356
198 6 5277
425 5 49926
213 16 41743
215 2 31797
342 14 40229
232 8 109
390 17 15238
358 17 2306
335 10 14590
281 5 6119
138 15 29127
210 8 34556
338 16 8387
143 5 18287
35 13 46978
270 18 15224
205 0 17861
262 16 28463
406 5 38144
458 9 44520
292 19 16349
348 4 40982
305 12 24899
321 7 20129
286 17 2966
270 19 46624
76 0 2169
28 16 7670
395 4 26141
51 14 7280
124 12 14834
102 5 6871
138 10 33466
274 19 29223
155 13 49730
25 12 35031
127 17 7281
259 8 7421
165 2 20908
267 9 33149
459 10 3773
410 19 22404
493 9 6369
201 3 36229
412 3 34028
412 12 10802
201 3 10971
377 17 12012
34 19 32232
57 14 2738
321 18 6085
385 9 36159
87 7 6780
90 9 4840
460 18 46480
153 6 28522
345 15 45688
303 16 5846
414 0 38968
342 13 41707
114 11 19754
88 10 14945
127 16 39699
335 12 35960
4 13 44596
342 13 8494
319 7 21724
293 17 39320
150 5 17536
32 13 36505
228 6 25685
52 8 46248
384 6 3803
388 10 21166
314 10 48351
140 17 33662
3 18 443
427 18 18380
484 17 28055
48 9 40020
174 12 25638
212 9 43272
58 15 44793
428 10 429
326 9 7733
156 11 25200
21 3 2753
250 3 2118
375 4 48631
459 1 23374
227 7 18734
421 12 2156
32 4 33141
172 4 2697
339 12 24209
179 13 24637
388 5 28588
153 2 41275
104 9 20217
238 7 1860
436 5 49042
216 17 28354
101 13 33920
320 6 14916
208 8 31476
441 4 8391
336 2 13411
180 16 25143
280 9 18199
247 16 26861
21 4 48065
343 17 39328
315 4 22461
215 3 48274
9 16 8970
469 15 38219
493 8 1196
406 12 27072
376 13 15816
264 4 7210
418 1 37296
388 12 3988
306 19 7141
208 19 28150
278 5 17724
449 18 879
307 2 6931
149 5 21074
244 15 36908
37 10 17667
112 6 15616
280 2 35657
425 0 21982
337 4 22276
346 14 5093
303 10 4256
389 11 372
235 3 35181
218 5 16628
348 0 20386
2 19 4100
35 19 46691
497 1 4022
196 0 6135
174 7 5044
251 10 2469
189 2 48818
298 12 44786
183 16 2789
278 14 26325
18 6 28813
214 15 23654
120 7 17991
254 1 19980
21 8 1297
330 18 23249
410 11 49742
337 8 1406
308 13 28143
376 19 17824
171 17 27730
221 19 14627
220 6 11141
476 10 20436
488 0 12605
39 18 20433
192 14 11086
162 5 20751
183 5 42988
243 8 9312
159 1 29677
61 5 37045
401 1 23258
291 4 13193
235 6 49980
457 5 16418
454 15 36446
148 18 23156
432 11 29284
484 16 12426
335 9 44500
341 6 6913
71 6 7964
291 15 38205
416 3 16883
489 5 10654
260 6 31863
447 6 1354
456 6 16957
379 14 15961
244 3 39789
170 11 47116
308 14 47133
446 7 1639
389 16 21
305 7 47270
128 0 20806
37 8 22833
344 4 33513
68 1 35849
419 8 5089
104 11 4183
58 4 41981
495 8 1085
106 9 31401
460 1 46533
316 5 39420
134 14 3413
142 7 11873
56 1 16704
71 15 23146
412 11 26158
99 3 41332
458 8 40610
327 19 10364
182 11 39638
236 16 4316
293 8 43423
35 0 41874
334 9 38915
435 14 8526
215 18 6429
36 17 43881
75 9 8622
478 4 49691
452 8 17411
119 14 13839
22 2 26760
55 19 4247
406 0 5785
176 2 40109
27 19 119
316 18 49212
237 16 23904
155 17 34474
352 19 6482
54 15 26210
487 5 38416
34 0 11732
135 1 42837
156 14 35823
86 1 10013
389 10 17304
282 15 33271
354 8 20286
304 15 6397
467 11 15225
455 7 3433
158 16 21867
307 10 1492
46 1 5710
402 2 10282
336 5 33260
282 7 25461
241 18 30910
381 5 18843
160 4 41723
405 13 26355
45 17 8849
296 6 21107
475 14 46607
362 13 25923
100 14 38447
53 0 45171
23 19 19181
8 4 42214
388 18 49787
85 3 41340
42 19 21130
118 7 13476
301 17 8905
265 9 42488
294 2 44258
21 10 11896
252 17 9944
250 7 27651
222 19 46274
238 12 27429
493 9 39103
203 17 29533
280 9 17784
456 17 26377
310 17 11861
134 1 16702
54 17 14744
416 18 14938
264 4 18052
347 18 20381
387 16 45498
40 11 34315
385 12 5676
478 6 43912
384 9 25303
336 18 26770
323 0 19441
464 7 22423
204 14 36357
427 11 49648
226 6 26252
188 11 42352
90 18 36044
81 12 23195
79 16 4728
452 15 6979
194 19 39845
199 6 11691
418 1 19203
148 8 37050
76 7 37798
293 18 23906
105 13 26794
79 5 44207
327 7 15821
439 11 14663
249 19 38295
20 12 2825
203 16 26237
426 11 40659
444 1 37451
16 1 31654
356 5 9667
194 11 19294
194 19 25838
202 13 17006
497 6 36586
106 2 31150
335 3 18003
199 12 4012
91 6 8865
157 13 41751
438 18 29370
232 12 43636
423 2 4770
380 6 21449
469 2 6441
6 18 41634
48 6 42031
316 11 35795
222 5 44494
489 6 26570
371 4 24097
418 15 19786
109 1 9730
228 12 32883
389 13 39308
298 18 38888
79 5 18316
143 12 46764
163 2 39165
336 0 24713
90 11 48672
146 6 23004
401 1 40162
89 12 25940
76 0 36755
447 15 42440
374 16 32612
497 6 40118
378 0 48794
210 14 35852
480 13 43612
494 13 33242
457 10 12550
322 3 29778
459 13 40317
124 4 20575
314 14 36194
242 6 49880
24 9 37557
103 8 18823
24 2 42409
27 6 46308
199 11 33863
334 14 5353
137 4 29867
37 18 13425
310 18 35430
54 6 24794
114 7 709
354 1 19356
488 15 20010
314 11 30296
210 3 7473
386 16 42863
64 1 30652
117 13 3221
404 12 20855
227 10 48446
155 9 10581
19 6 16160
290 6 43410
106 7 14995
64 18 49823
265 15 18806
483 8 14291
112 9 18069
443 1 22116
323 14 14930
385 13 23062
62 15 24523
179 14 4784
267 3 2976
59 17 46877
405 14 12076
453 14 19524
334 10 11097
167 11 25648
95 16 12800
424 18 19072
321 18 39458
361 0 49614
328 13 17588
328 4 6356
85 3 556
104 13 28580
6 8 49840
128 14 24367
433 2 12954
284 14 14514
147 12 18472
29 8 30429
183 8 29386
400 12 10999
418 0 4607
208 15 18649
150 7 5213
369 13 21339
497 4 35455
110 15 41290
31 15 31252
324 6 48641
148 1 30332
408 6 42258
162 18 49810
399 3 45612
320 8 15459
459 19 43464
432 0 33890
168 10 48926
66 9 41108
163 18 3564
275 13 32149
258 6 442
489 6 5188
322 9 45951
339 16 17460
309 4 21746
172 15 15016
195 19 43934
58 1 15568
494 14 35603
370 9 42164
212 4 18238
41 13 34059
231 13 28849
450 5 10417
27 9 35071
58 11 35212
90 14 25725
58 14 6597
308 3 24303
418 5 22785
329 5 43557
434 7 48757
127 9 28016
239 18 1048
154 17 34763
150 8 14961
16 8 34894
24 15 17495
479 13 17263
6 9 9210
330 1 972
419 17 37415
373 15 13486
130 15 35490
70 8 1363
121 0 32018
318 13 39813
42 13 5432
483 10 13973
243 1 7883
304 7 12116
469 8 37028
385 6 49699
457 9 11982
120 5 1570
286 3 41515
88 12 47492
267 2 21126
272 9 17019
121 18 24387
288 7 17130
38 13 25698
29 4 1720
133 16 35926
236 19 31574
0 17 4571
345 6 4424
26 2 16477
458 6 10909
482 5 42698
55 15 15138
290 19 353
383 15 36847
48 4 26424
351 2 2296
69 12 21651
191 12 6741
417 12 38642
392 17 9307
487 5 40434
210 2 34358
331 10 12997
327 12 39324
225 1 2899
355 16 49241
112 7 551
329 15 20614
391 16 38737
171 5 43333
78 9 41191
110 1 41198
20 13 20319
167 19 29544
494 13 28144
312 16 14319
8 8 43671
401 6 47686
361 9 43873
233 7 31440
100 16 22438
363 19 11017
475 10 41209
384 8 9
305 19 16554
408 3 21784
81 14 6958
145 19 36595
290 14 37779
412 7 45236
370 13 6866
303 2 30156
224 0 33461
163 9 33841
109 17 48353
97 4 11661
155 19 1240
73 9 43318
61 1 9302
130 12 48473
205 15 28800
109 1 41542
385 0 21456
169 13 27801
203 11 49784
488 10 45007
452 16 37593
33 11 30305
228 15 35039
106 10 23083
216 4 6357
455 1 36204
96 6 7377
13 13 43695
3 0 4768
286 18 33837
224 4 49547
436 6 41929
289 15 28246
297 15 26994
16 0 27443
188 19 34518
101 10 26033
357 19 20834
316 13 11232
71 13 39909
62 12 19048
291 1 13849
428 17 18294
58 11 32408
8 4 18211
383 0 29618
276 6 45544
382 6 25072
266 15 42522
407 4 23511
157 15 42592
259 7 28726
171 1 36581
235 11 14439
248 15 11898
343 14 33283
102 4 28884
14 17 27871
307 17 36909
333 14 28822
224 5 34864
69 4 34967
327 1 32249
286 0 49457
485 15 275
415 4 13772
150 16 16377
188 13 43443
84 4 33516
385 9 47302
77 0 11368
171 17 15481
153 7 8300
1 6 40635
158 9 9620
0 13 19417
315 7 2104
15 13 11650
306 8 49018
202 5 41822
304 18 10298
242 14 12526
89 8 6885
61 5 2611
98 4 25829
428 9 39066
229 6 19350
300 15 622
274 19 27684
338 15 36995
160 12 11680
148 14 43749
129 15 35130
169 12 36615
101 5 20410
174 14 44015
165 18 47879
301 18 27896
311 13 21572
368 10 31130
54 12 27708
229 2 1457
157 11 18816
262 16 20239
407 10 18993
395 17 29888
301 2 37255
87 16 23253
212 6 44790
209 19 39016
344 18 49839
261 3 11776
62 15 7343
240 5 27579
202 10 20293
478 15 2052
483 19 17861
208 19 13487
457 11 14554
466 9 41575
52 15 5912
286 10 42571
102 7 42868
156 4 17384
466 9 22049
372 6 31692
262 12 9303
202 12 29275
76 16 23985
3 16 37501
194 18 6997
40 5 37937
10 14 4002
416 9 28287
3 19 37609
210 19 20186
74 1 1269
433 19 46717
487 15 37639
102 2 32074
378 18 40468
238 1 29519
82 13 11232
339 0 2691
308 13 5647
21 17 38292
303 15 49183
82 13 249
443 19 33060
115 7 24335
183 4 38203
10 19 34905
499 5 32095
259 14 15403
174 9 19612
229 6 31259
287 17 956
449 17 23953
418 1 20555
96 1 14132
361 11 44797
297 19 11696
0 10 33441
246 3 40695
259 3 1181
112 12 10140
265 12 16023
258 5 2289
448 4 27490
195 12 7915
320 1 10511
158 10 42189
245 10 33549
268 6 33804
289 19 41587
447 7 49262
320 8 35279
67 10 3070
1 18 27067
494 4 15915
35 6 33559
368 7 37506
418 2 39280
288 19 17956
489 17 28917
255 19 6012
58 0 12838
15 0 38691
219 7 28557
272 9 593
107 3 3106
118 17 18259
354 5 42477
218 15 41525
76 16 5507
29 13 18291
396 10 4380
112 16 3560
196 7 48486
85 2 2270
287 5 13535
314 0 41806
169 2 9127
403 15 3243
254 0 49341
498 3 30231
227 11 27296
111 17 34531
138 1 4128
330 15 41850
358 11 22023
469 4 339
354 4 38233
158 15 41857
385 15 19517
150 16 44636
53 4 46834
436 9 44308
221 7 37097
388 17 19670
473 4 48012
339 9 25558
486 5 35082
234 4 38113
3 17 47374
167 13 17201
357 11 19910
372 14 16942
112 6 3639
494 5 2494
124 0 22173
287 2 31412
19 13 31124
267 16 41304
357 12 41119
258 12 5701
101 14 39740
477 13 12502
256 5 14110
408 8 38459
323 13 11561
460 18 14872
200 14 16078
65 15 10485
140 17 7543
304 19 47966
223 0 42737
275 8 38164
256 17 16894
388 13 5195
152 4 19582
466 17 35312
435 11 45568
391 11 8835
54 12 35370
498 6 41710
255 18 30608
384 14 42810
256 5 2146
498 15 35344
384 11 14987
116 5 12195
272 7 17398
164 6 33953
493 6 27445
385 16 41177
465 9 14303
268 6 15805
109 19 13579
421 17 28133
377 12 47376
122 1 25515
338 5 11980
454 19 39234
218 9 27973
307 9 32348
342 5 31308
7 17 24043
44 4 19884
19 11 9200
6 3 22709
61 0 18125
30 4 38988
424 1 3532
73 6 22478
136 16 22858
469 7 13437
241 2 42169
315 11 16904
31 11 3469
404 18 21793
257 19 14633
448 9 20734
129 1 19081
64 1 46174
298 15 6443
334 7 42699
198 19 16599
470 2 32594
317 0 46129
188 5 41932
481 3 38704
204 11 18381
73 2 46267
342 3 16186
66 8 41892
301 5 2400
191 18 20079
305 8 23188
459 5 3111
432 4 34510
109 2 18112
250 0 22294
141 14 39192
252 14 38508
478 18 3306
110 12 24988
52 18 4055
72 14 36958
401 9 15492
411 2 3199
178 4 48868
254 15 26532
477 0 16772
15 9 29350
255 19 28494
25 15 39755
476 8 20409
161 13 20801
411 2 41942
137 12 28821
81 19 40063
299 16 2947
476 12 21344
414 6 33691
238 11 39758
32 15 9593
346 1 33869
471 8 1081
417 5 5223
29 7 46771
330 18 26677
324 14 14219
122 9 34857
273 4 41082
1 14 13797
326 4 35108
269 5 22587
32 9 35604
400 11 31820
408 15 40900
348 5 36721
80 8 34278
42 6 1129
37 5 23387
260 7 22697
365 16 14110
49 16 31359
382 10 12702
5 0 16466
208 11 17416
220 9 2174
495 10 37483
404 8 37249
309 2 9682
385 7 20782
251 0 3387
336 8 19463
426 10 36790
144 11 19443
240 12 23585
66 12 11516
203 16 37344
401 16 19885
417 10 13276
385 10 38239
298 4 24941
249 8 26824
93 0 6489
186 1 18438
216 8 21757
426 16 16724
267 7 30571
9 1 30847
364 17 25312
389 0 45690
494 10 34967
257 17 5319
10 16 41714
88 9 28229
246 5 43207
165 19 43891
142 16 46955
102 6 32333
311 9 6340
92 17 36052
158 9 23651
223 17 10256
311 7 25453
164 17 15308
205 3 19076
301 1 35130
428 2 8516
367 15 24706
439 2 38481
123 6 27992
415 4 25739
416 3 20654
116 3 38649
459 3 42697
476 6 25340
278 16 28514
107 16 18750
410 0 3649
33 15 41970
228 11 37845
175 17 3705
115 2 9049
290 4 9822
453 18 17590
403 0 5263
413 2 7808
460 15 4760
359 11 41728
497 6 5809
141 13 31365
412 0 31014
466 6 32225
407 2 13953
152 16 32656
367 4 13568
346 6 13934
321 16 9857
296 13 37893
52 1 18798
307 0 22286
244 16 29561
65 12 9140
52 8 4788
301 18 44041
115 16 37369
19 13 3312
441 19 11631
414 4 1541
383 15 45265
273 6 42365
152 6 12868
441 6 34406
288 7 41713
156 7 10828
113 5 11149
394 6 8087
155 19 38847
284 4 44004
220 10 30349
136 16 28164
174 4 44357
115 3 20154
132 11 19848
306 8 16556
230 10 14034
83 2 44922
159 18 6120
34 13 22443
274 18 35604
220 9 40359
13 14 14192
420 5 16496
261 9 47367
399 0 25151
162 16 30023
452 2 48482
218 12 10236
374 3 29308
291 16 30178
225 11 6723
122 3 47291
341 15 34166
364 6 28597
231 5 12622
404 7 40298
272 6 24639
264 12 32702
83 16 22256
457 15 21931
374 0 4951
193 0 31067
306 1 6916
156 17 47095
53 10 15378
126 18 20594
205 3 35879
132 18 16377
353 12 24716
467 6 154
118 0 33634
103 2 27935
234 12 13957
100 10 47005
295 2 21426
19 14 35124
227 9 45642
7 17 16309
123 14 33814
130 4 18300
120 2 10362
260 13 37197
29 19 12658
228 3 7331
92 16 11846
351 8 1742
189 14 29921
33 1 3322
77 15 24408
234 16 7990
288 18 25441
299 5 23743
214 1 49286
249 8 28226
108 13 5052
363 1 7594
154 11 48890
254 3 21339
83 8 27425
152 12 39785
388 10 43334
273 9 26038
436 16 31342
115 17 5463
301 4 25302
66 0 44980
402 2 45878
17 2 35011
29 9 23170
388 15 15604
376 15 37466
475 9 22271
384 4 11614
237 15 668
355 11 5416
66 17 48472
32 1 12526
134 5 7765
37 4 26388
47 16 27371
6 17 34945
75 17 32260
287 7 13520
113 8 16601
219 10 34879
110 14 28853
224 12 25391
158 16 988
229 8 40087
190 4 35109
300 6 46499
372 1 6466
21 17 8327
445 0 3094
432 7 38141
155 2 2002
305 0 12988
472 12 48007
45 9 24861
225 13 40823
392 16 9781
157 16 26448
172 7 38551
472 14 9406
219 10 43057
281 14 1777
296 12 4798
419 8 13374
234 17 17729
217 1 3560
324 5 18372
4 11 41031
60 9 23552
339 2 7286
313 19 1431
36 18 43200
313 6 28366
282 8 28236
77 13 39355
358 9 18098
499 3 3260
420 1 12027
49 11 3350
