1000 50 5000 20 1000
655 455 152 365 414 542 662 674 609 612 782 814 53 553 849 293 198 217 87 806 561 213 849 771 778 266 113 703 479 591 798 455 757 269 582 92 205 552 438 199 55 742 898 610 636 632 635 704 687 784 446 729 622 544 731 421 380 721 481 153 409 336 127 601 682 606 748 513 574 161 87 707 587 886 338 404 515 504 436 894 673 59 236 497 894 828 886 405 413 518 887 635 656 115 488 513 92 695 153 879 327 549 872 701 532 246 598 308 849 391 380 884 710 245 730 584 578 52 140 657 228 58 440 336 70 479 751 545 602 443 383 695 68 426 732 635 530 309 485 294 76 894 797 522 669 383 253 682 773 689 600 83 836 182 77 675 882 188 757 535 701 867 639 528 140 546 391 548 394 559 146 582 332 517 307 526 555 537 463 246 179 673 404 285 507 274 524 119 338 608 754 774 782 490 236 636 175 74 751 687 317 434 716 572 818 119 392 312 701 591 195 530 717 350 237 532 746 98 485 856 621 698 801 299 449 74 204 534 51 528 809 165 50 617 59 303 479 361 427 196 664 284 890 101 358 152 778 412 452 322 375 473 170 734 708 503 319 866 420 218 689 577 146 668 430 354 183 669 548 883 131 445 816 312 673 655 595 588 662 236 145 743 82 462 430 898 746 104 851 77 339 345 420 87 263 785 94 731 95 785 419 774 412 498 887 376 423 84 622 806 200 367 619 722 269 601 611 89 504 630 100 563 586 240 878 287 725 588 259 53 53 112 513 235 887 241 842 224 743 525 72 74 598 89 492 371 458 92 748 664 243 885 524 823 843 720 299 668 845 103 230 259 411 295 856 521 584 232 177 335 94 892 855 157 277 119 438 891 255 299 60 844 319 781 827 244 515 444 802 82 314 504 594 282 630 114 346 227 601 52 345 317 855 494 614 293 470 856 423 358 309 179 364 523 370 152 149 503 434 437 377 346 640 874 74 471 873 822 839 265 355 402 98 550 358 166 715 442 122 850 423 549 545 61 594 633 337 787 767 814 675 745 671 113 213 394 195 781 611 741 389 810 613 60 555 871 177 414 325 400 602 203 823 116 663 317 556 556 534 777 737 683 437 163 70 499 149 647 663 820 278 849 577 589 540 685 756 661 706 258 714 141 439 637 872 647 487 884 386 732 717 637 205 780 294 740 835 532 764 763 109 885 352 450 128 497 341 144 873 124 872 103 355 895 867 226 259 634 511 679 607 563 790 355 472 550 105 474 353 641 516 398 277 360 869 71 269 461 242 806 494 510 588 431 408 372 748 438 417 848 363 687 245 389 690 624 643 846 121 525 499 300 680 137 415 411 539 860 393 362 625 705 225 100 685 547 391 531 459 67 222 82 494 662 684 207 206 514 481 414 832 818 447 898 149 699 546 662 268 818 665 334 228 68 182 880 694 413 65 883 302 468 369 809 605 507 734 708 53 715 833 809 426 832 568 188 74 324 391 179 278 519 623 847 412 600 654 188 331 215 93 740 399 898 203 675 648 430 410 866 839 191 137 238 266 300 846 342 896 688 286 216 586 839 501 567 271 121 296 496 485 846 261 542 174 726 486 253 695 149 190 130 871 517 80 167 320 732 418 150 161 881 511 199 304 617 485 737 268 495 588 645 466 324 319 449 567 353 327 763 817 840 197 662 431 530 303 442 705 126 508 206 502 159 853 612 446 735 736 764 399 454 415 735 769 653 324 70 680 261 411 75 627 82 387 186 749 684 553 634 309 73 245 248 56 712 277 397 350 537 340 97 89 896 370 623 827 449 811 97 66 278 794 515 427 381 449 556 880 611 558 637 252 622 864 879 793 98 893 326 557 564 97 590 449 53 254 395 511 650 403 684 131 502 533 857 768 216 446 158 92 464 584 580 876 197 405 632 64 51 468 649 580 767 893 625 652 186 714 826 689 886 786 894 588 256 454 489 339 491 495 750 599 133 568 326 594 746 101 386 838 864 751 406 261 206 734 710 164 99 160 868 461 173 263 886 187 254 677 96 598 325 834 640 741 359 681 862 802 115 324 428 513 312 810 470 393 610 718 86 821 427 330 310 886 128 626 635 583 277 259 622 439 246 571 498 884 147 66 572 184 395 392 652 672 352 261 638 103 489 661 821 366 112 746 536 815 603 363 884 251 351 364 431 611 493 474 657 278 420 572 239 76 644 256 589 125 505 442 564 167 640 869 331 341 678 483 806 470 368 723 741 146 161 356 589 165 172 68 529 724 424 823 690 297 658 692 448 589 411
6893 8
0 8525
1 1363
2 3099
3 7382
4 4867
5 4775
6 9926
7 1319
5716 1
0 9304
1106 11
0 1123
1 2469
2 6949
3 6894
4 8596
5 3303
6 6287
7 7520
8 9377
9 7672
10 8937
9765 11
0 1024
1 5573
2 9893
3 9299
4 8885
5 2366
6 3499
7 1183
8 8699
9 9719
10 3810
9178 18
0 3488
1 8777
2 4999
3 3457
4 5469
5 2165
6 4768
7 6748
8 6675
9 6688
10 7030
11 5355
12 3038
13 2199
14 6656
15 7635
16 7769
17 8564
4167 4
0 2484
1 3294
2 1375
3 1934
1656 16
0 2894
1 3978
2 3275
3 1280
4 8773
5 4604
6 6474
7 1222
8 6673
9 1324
10 7135
11 4417
12 9968
13 2845
14 8593
15 3508
8304 5
0 3624
1 4764
2 2360
3 4616
4 4353
1436 2
0 6353
1 8297
7880 4
0 8452
1 6959
2 2816
3 5313
4690 16
0 3892
1 4045
2 4458
3 6680
4 1059
5 8117
6 8123
7 8985
8 4587
9 3655
10 7946
11 4043
12 4493
13 5599
14 4015
15 6749
6753 13
0 3036
1 4058
2 1351
3 4833
4 7451
5 4447
6 1657
7 4381
8 5862
9 9221
10 9384
11 2156
12 7537
2717 14
0 2341
1 7295
2 3289
3 4883
4 9135
5 7965
6 6968
7 7713
8 4894
9 7092
10 4879
11 3621
12 3876
13 1289
1691 3
0 4283
1 3280
2 9354
2894 19
0 5881
1 3643
2 9829
3 3277
4 4869
5 7611
6 7810
7 8947
8 8233
9 8617
10 1925
11 7891
12 3483
13 3719
14 2794
15 5467
16 1263
17 6910
18 4278
5458 3
0 1846
1 2892
2 8790
7035 8
0 4583
1 5250
2 3299
3 6158
4 3844
5 1698
6 7906
7 8496
3181 18
0 2143
1 9642
2 5721
3 1451
4 2268
5 5630
6 7269
7 2932
8 7772
9 1408
10 2281
11 2104
12 6799
13 1188
14 9435
15 2841
16 1728
17 5448
2161 19
0 5368
1 7490
2 3593
3 2354
4 6356
5 3248
6 4332
7 7363
8 5593
9 7085
10 8804
11 9140
12 5710
13 2702
14 1162
15 2856
16 8672
17 4031
18 4204
7286 10
0 1868
1 1056
2 2752
3 7498
4 9258
5 1865
6 8004
7 6545
8 4176
9 5698
6437 2
0 1862
1 9829
7931 13
0 9844
1 8495
2 8125
3 7924
4 1456
5 2471
6 3404
7 2019
8 3216
9 9835
10 7938
11 5696
12 4985
6308 7
0 9267
1 2414
2 6249
3 2681
4 5413
5 4276
6 6435
8133 9
0 2572
1 5256
2 3022
3 6204
4 1023
5 6668
6 1457
7 9286
8 3442
9388 1
0 9023
7919 5
0 5576
1 4903
2 4558
3 3981
4 7136
4797 17
0 1073
1 3031
2 8795
3 7098
4 5666
5 1841
6 3307
7 9105
8 2872
9 4152
10 1428
11 2717
12 1223
13 9099
14 2099
15 8383
16 3566
6261 17
0 2345
1 1115
2 4392
3 2639
4 5024
5 4344
6 5020
7 2184
8 6857
9 7831
10 2216
11 6606
12 9898
13 6376
14 2981
15 4180
16 8903
5638 8
0 5248
1 2347
2 2661
3 3026
4 9738
5 7564
6 9607
7 2915
1834 2
0 8427
1 6507
4089 14
0 5799
1 9039
2 5255
3 7132
4 6207
5 3926
6 9667
7 1068
8 7747
9 4224
10 3130
11 6304
12 3044
13 4789
9191 14
0 7945
1 8212
2 2272
3 1541
4 2883
5 6198
6 1010
7 6643
8 4219
9 1347
10 8355
11 3121
12 1798
13 5780
8680 11
0 1756
1 4422
2 9716
3 7259
4 2649
5 8104
6 5527
7 2085
8 4670
9 8539
10 2692
3470 1
0 6445
4363 3
0 6049
1 6887
2 4945
1942 8
0 4290
1 9803
2 7737
3 3850
4 9140
5 5296
6 5740
7 3444
2021 1
0 2131
5642 0
1650 11
0 4566
1 5819
2 6583
3 8000
4 8149
5 9768
6 1963
7 8105
8 6005
9 6227
10 9918
4866 18
0 1883
1 6659
2 1017
3 1636
4 1219
5 1151
6 2313
7 9073
8 8967
9 1871
10 8039
11 9382
12 4692
13 6119
14 3006
15 7915
16 8976
17 6965
8468 11
0 9167
1 8818
2 7305
3 9501
4 2750
5 9763
6 5554
7 6870
8 2035
9 1992
10 2553
3765 0
5836 13
0 1380
1 6971
2 3351
3 1892
4 8361
5 9287
6 7014
7 7590
8 2942
9 6232
10 6440
11 3471
12 4913
9486 16
0 5267
1 1196
2 9105
3 5992
4 8329
5 1462
6 5139
7 1904
8 8320
9 7541
10 3405
11 8717
12 3322
13 9958
14 7786
15 7492
6886 10
0 8503
1 8428
2 5528
3 1358
4 1931
5 6885
6 6451
7 4337
8 8930
9 3064
6937 11
0 5597
1 1356
2 5777
3 3658
4 7508
5 8428
6 2169
7 5030
8 8119
9 4482
10 5771
7036 7
0 2841
1 8402
2 1452
3 9919
4 8690
5 8924
6 3430
9273 2
0 2192
1 6742
6492 4
0 3485
1 4728
2 8739
3 9059
8501 15
0 1985
1 2814
2 3832
3 4426
4 2966
5 8010
6 2857
7 1585
8 3414
9 4132
10 3343
11 4609
12 7043
13 8849
14 5649
55 9 34297
543 29 39781
429 10 11104
216 25 29738
34 30 38457
101 43 38804
611 4 44186
469 34 29131
8 3 20751
979 31 16562
874 39 43332
808 43 27308
175 32 46107
235 15 43005
661 24 30235
949 24 16363
533 33 13572
20 45 21893
814 34 14143
674 13 34640
462 49 10280
284 21 16102
181 49 1833
80 31 3318
413 34 37074
176 36 23953
36 0 39618
903 26 41886
772 49 41396
647 31 2871
52 14 2180
303 21 46662
293 38 12488
349 36 1550
383 17 26257
144 26 5564
87 6 17113
9 30 27418
975 31 9490
546 36 46248
724 33 35499
86 10 24144
582 42 25844
331 1 15256
407 19 12305
603 11 19776
374 16 25599
109 37 37184
88 34 11368
884 1 34033
532 14 28333
397 48 15071
780 49 12295
262 33 35221
933 9 2892
223 30 1378
973 38 37196
330 34 32057
807 30 7688
849 38 46499
316 8 29779
795 33 1457
739 17 38225
400 36 18189
939 8 3205
427 7 37860
420 10 27371
73 39 28220
829 21 6054
391 49 4738
940 26 21027
53 22 23142
769 37 25598
539 12 46799
102 11 25027
600 1 29795
313 19 19231
920 32 46763
477 49 33341
248 6 5106
77 10 43524
785 43 7354
492 14 22262
894 21 43948
745 34 26406
224 40 35131
734 29 20511
493 38 44226
584 14 47865
769 48 13268
128 22 44059
92 10 45446
331 41 1632
389 27 4521
217 39 28912
885 43 9593
449 42 25752
305 49 37137
795 30 3165
289 35 35736
626 42 18700
470 22 26606
59 46 15064
637 48 12366
765 11 7537
664 28 20375
138 28 46281
474 41 13426
941 18 4119
628 11 31838
86 45 47872
320 49 13117
607 43 3295
568 15 31900
981 8 28586
851 34 37705
326 39 14154
886 33 27462
967 10 21324
634 38 41425
270 44 40586
128 28 6003
487 18 7742
449 19 3372
820 5 48220
996 7 31673
102 12 1242
844 33 40577
390 16 37502
934 22 9926
536 9 26505
212 17 34846
753 5 34912
30 3 18951
423 43 25039
767 36 44260
719 24 33255
710 46 23336
843 5 21999
925 33 32946
925 49 8684
396 15 5374
224 19 16774
272 0 42038
132 0 44543
199 2 47990
11 6 38747
123 46 32818
204 15 35342
722 34 36663
444 43 12562
822 2 30289
350 12 21464
209 23 21718
674 14 14532
839 34 16237
412 24 12156
264 45 5713
152 44 6855
424 26 3601
781 1 713
122 46 15565
366 7 14533
678 8 14349
141 44 43997
329 1 32202
32 49 35689
409 0 37219
847 46 3218
981 13 39974
941 9 26848
688 8 12471
179 27 22015
631 38 24300
176 39 14582
402 32 25580
526 25 36854
61 8 37924
258 8 39116
903 12 42681
370 16 42885
197 32 44800
523 28 3027
935 22 49322
632 29 12800
440 10 7532
668 0 11160
51 30 42559
152 27 49186
614 48 32614
236 47 7005
537 17 30273
84 26 42208
156 15 7700
426 45 30285
900 17 44940
266 34 37833
22 11 19090
548 40 42844
450 42 30600
376 19 14668
800 37 3972
563 34 5465
762 0 48863
932 46 25520
20 42 25367
182 22 14768
280 10 5938
345 36 25346
488 0 8268
861 40 44053
50 20 12073
66 17 6651
872 28 18809
951 14 31579
829 49 29098
588 30 33171
66 9 22610
290 26 41657
57 5 22095
615 35 8740
94 20 13808
709 32 103
816 39 39195
48 46 30468
55 1 39278
190 0 45034
373 46 22929
894 17 41477
78 3 18369
151 6 48461
782 5 23947
882 25 32402
816 49 6463
497 41 42011
951 22 9542
748 8 30424
491 16 16943
90 35 36343
751 43 4372
355 6 6125
375 21 44532
219 40 357
119 1 47331
3 29 36173
327 27 7731
960 37 20621
843 5 32200
330 21 39549
153 44 22544
546 15 18328
420 1 41726
356 4 31707
880 26 19131
249 41 41028
934 3 35888
152 46 20859
134 23 6336
755 34 17093
523 2 32600
911 26 29500
165 40 36800
50 27 45187
70 40 40662
134 39 15191
169 28 48272
659 47 7066
236 8 43424
602 38 48981
403 9 11086
544 8 48989
256 13 23284
747 24 43702
236 29 14361
62 24 21578
258 40 42697
73 44 48598
856 40 2863
700 25 15020
948 34 8272
213 19 29128
330 31 40710
56 44 24622
563 17 15534
275 37 17986
937 2 15181
560 19 22499
375 16 43613
320 25 36906
135 11 22256
94 4 20281
927 43 30301
123 18 9185
564 15 4389
826 8 28805
368 35 30061
71 41 8614
387 41 44524
595 22 40377
382 46 7938
63 0 15847
79 19 9660
934 22 49757
286 35 17393
270 26 30093
598 17 3042
349 18 17333
264 14 34138
596 32 4487
616 41 27265
310 18 18103
354 20 42664
691 3 30950
721 31 29244
678 49 731
107 36 46388
70 10 39918
963 21 45587
40 24 9832
833 13 4607
963 21 28731
21 19 13488
234 35 47501
114 40 29322
60 45 40942
937 33 34178
983 32 38255
527 23 21742
88 32 48526
79 43 27255
647 20 17971
97 35 945
789 35 40884
251 43 43299
260 41 42835
352 4 26046
259 4 13769
496 44 23953
926 28 35477
886 38 18942
144 10 39124
204 1 27385
445 19 45876
846 38 41682
20 21 23988
888 41 11738
44 30 47802
367 39 10557
103 2 47634
743 29 45935
873 11 31266
899 41 31859
362 47 14419
377 11 3639
229 6 26506
998 16 25000
740 43 49340
33 29 28899
396 43 42256
859 20 3673
39 15 27294
590 35 42690
600 46 33929
975 37 44949
425 44 18007
295 24 18397
399 34 13042
84 29 3877
426 1 25157
382 32 6458
550 5 39933
574 3 16284
17 27 25747
610 36 39350
547 24 48676
45 45 23698
405 17 41364
847 43 13094
997 25 17591
591 26 1690
521 42 1693
604 25 3894
729 9 11757
860 9 47573
62 7 38166
797 8 6051
651 40 22487
503 39 27761
466 38 24292
825 8 1840
529 5 6097
61 44 46565
428 29 12144
466 39 19174
912 22 24405
61 47 37116
228 1 13696
79 30 13831
502 29 25465
343 11 27634
595 30 14928
441 16 7528
331 26 1846
835 35 23943
192 40 17315
442 15 38510
310 48 36321
113 35 37839
823 39 18734
622 0 14662
283 45 39970
49 31 40676
128 5 25467
571 27 44479
383 42 46618
213 17 19390
173 22 24498
21 32 24103
58 31 23620
846 36 48566
33 1 11244
662 14 26953
470 19 42297
816 39 2009
252 6 19403
220 4 38656
700 12 12270
763 15 5876
339 20 316
973 37 35577
85 36 7558
919 35 33279
162 19 16977
261 49 26239
6 9 48488
572 31 11077
94 43 4941
503 26 45302
950 32 20045
259 4 32822
38 1 28558
278 38 25189
712 14 44988
676 21 45619
666 29 15638
779 10 34511
925 14 12074
141 34 36700
190 35 22665
890 47 1866
934 44 18223
869 11 35272
896 46 9968
791 49 33252
792 2 1570
276 19 10093
405 5 39378
446 30 13570
933 16 37500
272 3 1666
384 3 14634
519 48 249
900 3 13217
490 36 23428
573 23 703
513 4 16984
607 14 402
157 17 19703
702 28 26475
400 19 6286
832 47 6087
792 18 14234
582 41 12574
319 32 13519
488 17 23861
441 22 26583
106 5 13215
152 26 40444
357 1 37113
713 46 24536
249 23 48397
306 18 23304
409 32 28268
576 39 13246
994 36 21112
184 46 8938
474 5 12103
348 28 8831
47 28 7403
178 15 14691
547 14 30778
644 34 21083
403 44 46737
313 0 26943
999 37 31286
596 2 23964
598 49 24103
668 1 31011
976 0 28560
435 22 12299
132 47 47808
433 4 20509
533 40 6513
259 20 23068
236 39 29659
778 30 26516
90 19 45819
484 33 30762
662 23 7665
210 15 34343
226 27 1047
403 31 40641
380 7 37322
418 3 47222
593 12 38527
319 1 35406
218 30 45048
924 3 28294
233 27 46494
588 16 16127
461 26 43656
828 10 45655
256 16 41429
613 9 659
950 25 12577
23 3 7325
876 36 22977
981 7 24790
722 20 4341
504 31 16750
933 19 28659
198 39 34021
776 35 21848
553 38 30714
390 30 25670
463 7 48749
744 18 38839
914 18 15457
920 18 30566
571 8 4996
403 4 35783
246 37 29735
720 49 31592
757 13 27800
516 22 14207
845 44 32748
561 49 21404
769 9 35126
429 11 15190
846 7 7044
712 5 31229
535 35 11131
545 44 11023
336 33 33852
912 9 3048
551 21 35076
274 36 34981
510 26 22780
521 46 18646
949 30 16882
505 18 47738
154 26 26103
768 39 21957
773 23 24101
713 25 20176
244 3 46847
629 40 40164
256 48 25031
796 46 25634
87 43 41189
688 35 31366
365 7 16974
412 35 27962
160 44 22009
362 27 19141
594 48 43383
56 9 30902
235 37 35901
739 0 28428
287 14 28142
489 13 37308
911 32 47693
745 8 14016
518 36 39139
296 41 38
448 26 16714
431 27 17295
454 45 15770
928 27 24205
258 24 10758
613 45 12665
596 15 13510
832 16 2904
491 15 14555
990 13 44077
985 24 22655
95 30 46602
948 2 8062
439 34 35108
775 48 1423
572 24 16680
826 49 30608
855 32 21940
674 15 26110
55 16 6755
315 17 7270
262 40 15801
697 44 32013
650 20 41533
585 16 40104
539 2 18998
724 38 37999
778 39 40436
810 1 4378
510 23 30612
151 27 45396
861 20 25994
162 18 33646
245 29 10069
900 21 44559
206 16 12673
816 20 19190
513 23 3428
192 21 11223
543 10 38783
573 15 33588
983 38 8717
615 27 11749
156 44 29147
653 11 2937
962 30 2678
143 29 37944
977 27 48670
577 43 22817
883 34 8403
351 22 19885
793 23 47566
670 22 32278
131 5 24560
827 13 36468
471 33 7662
945 20 19010
303 35 46637
785 1 10068
606 41 40775
790 31 39586
179 1 30165
346 43 49844
484 31 36377
68 1 44929
980 23 33068
788 31 27463
465 30 2271
844 45 21654
730 7 48783
201 14 3555
483 42 28543
34 22 41216
576 13 22841
781 23 22001
909 28 36010
449 19 40936
925 14 9186
818 24 4564
71 12 33162
954 30 16632
854 33 25478
192 43 21512
801 24 41787
157 18 827
778 31 18166
660 28 48888
964 13 44925
557 32 8921
235 25 14216
918 22 11618
253 30 27988
730 0 44858
890 2 21327
458 47 20529
287 8 21995
198 5 42677
51 28 22492
50 35 43062
185 16 24392
51 20 39809
997 44 44127
423 3 44339
999 6 24024
351 10 28176
388 17 44337
170 10 23207
91 7 3177
998 5 3294
975 1 10792
744 36 29831
837 11 24058
237 11 48276
609 27 36394
112 30 31677
291 24 39634
711 32 23158
420 49 19613
307 31 31513
620 32 7052
741 40 16793
26 26 23654
685 14 34076
884 30 30736
35 8 4750
987 32 46214
890 42 17390
636 20 42322
924 20 29765
526 18 22170
577 1 37502
598 25 38552
875 10 29104
295 4 6315
127 5 19833
600 33 15491
351 41 28962
991 12 5408
82 44 6756
802 22 46415
452 13 33495
473 9 18212
992 18 39228
517 17 11484
496 13 6354
748 45 44403
309 19 32151
633 4 45449
704 43 4299
338 49 30229
377 18 16062
911 35 9346
958 37 28252
750 1 20895
562 20 44202
686 4 17526
902 10 34588
151 35 27386
507 42 11842
273 37 29887
74 10 3674
412 10 26451
146 15 7598
363 46 48065
113 20 24183
836 38 43983
950 29 28752
533 33 13157
305 16 26998
261 29 34511
763 4 12381
415 20 8637
818 24 13288
977 14 28589
624 1 2674
614 27 19189
58 38 29100
791 2 49973
489 23 31205
213 8 6012
381 23 13815
676 46 43619
745 42 24245
650 8 44331
139 11 38278
697 10 2203
100 11 7701
526 39 31416
195 13 23883
900 6 7317
531 43 35145
425 8 1548
947 10 22779
791 24 29699
734 19 2113
50 0 24633
383 39 839
595 49 8532
409 18 23797
324 44 19991
851 42 32698
819 43 9644
723 49 8342
778 36 37069
757 30 2688
801 46 31714
499 26 15412
569 18 20106
258 18 34690
518 38 31760
688 28 38680
619 38 30245
334 42 5388
987 29 29471
479 39 12768
969 46 47210
49 17 41467
261 21 15844
432 39 4437
909 0 40316
351 28 41531
320 29 25651
89 2 32326
906 18 17494
540 4 49469
87 42 31737
311 27 33490
841 24 42773
77 0 12774
172 7 5862
4 49 28883
159 5 39104
588 33 39131
549 17 5774
363 33 38200
493 38 45057
488 26 5255
990 37 24319
834 5 39569
646 30 40961
409 31 3345
416 39 23223
9 12 23345
162 33 30680
108 37 376
478 47 42245
448 14 32331
874 18 11568
373 1 13601
500 47 39792
579 6 3451
856 45 14951
916 20 48743
423 43 44303
764 47 40692
136 45 18253
360 10 38648
718 48 5697
23 4 5537
774 34 32138
882 27 10784
362 43 41055
793 10 19027
844 14 30154
920 36 29660
624 41 47607
527 41 25142
536 14 48177
958 21 25587
716 0 47023
830 43 20472
319 13 29707
832 12 22364
335 4 12002
771 19 39915
493 30 37849
9 32 16715
40 1 34636
736 14 37432
331 38 22151
976 46 11190
874 41 285
968 15 18092
972 9 23638
752 20 45021
71 45 3958
512 1 3574
874 8 9550
839 25 26972
138 20 32520
771 48 21545
553 28 23352
860 16 41948
130 39 37551
742 22 24372
720 21 6122
657 49 49311
890 15 4200
579 49 34880
458 10 12248
639 3 7612
701 14 35481
536 31 30540
562 25 48485
954 0 43064
573 33 48328
589 28 11995
270 26 7111
949 20 42106
264 34 11317
430 44 10451
602 4 37527
951 4 26939
460 44 24057
317 22 30668
368 42 31012
922 7 12849
791 35 35712
460 30 1514
999 40 14049
839 15 952
709 6 47543
414 45 34914
85 43 7964
274 45 7584
896 45 18170
464 30 22999
37 14 39891
44 29 28182
564 41 13611
742 17 9178
377 35 41279
97 23 35045
282 36 2028
972 34 6659
693 15 48020
674 27 31477
954 1 24192
851 20 8186
28 23 45760
667 41 35910
24 34 31511
181 46 7163
199 9 35947
836 10 3103
974 24 33094
698 44 22057
348 44 18315
740 21 49662
585 29 7984
906 2 4240
533 46 22859
400 24 21581
997 6 47311
379 14 5945
367 37 10058
933 8 49110
515 49 20763
957 37 16269
748 35 22077
237 33 1328
752 7 38145
392 33 18980
179 3 31976
954 46 35571
876 32 20603
866 5 48476
339 40 32671
185 6 26767
341 27 13585
171 18 13975
571 3 22290
764 46 29150
286 46 37320
572 27 37283
744 20 18308
777 19 25839
272 0 8292
400 20 15750
463 49 38112
972 31 26385
278 31 32318
478 21 45009
521 43 2709
876 49 39695
491 36 48448
321 8 43438
204 22 45205
358 17 17072
46 36 32628
350 21 13980
143 38 40662
630 1 32076
297 10 46360
464 28 14094
115 27 33703
671 13 28661
618 34 41049
659 38 15080
130 0 9208
60 0 21081
461 12 24910
181 23 38331
17 5 8036
900 6 32452
68 25 29264
441 32 19684
203 9 32280
493 38 41990
820 44 23309
559 29 43814
194 21 39828
152 43 17600
389 38 36816
140 17 14805
367 6 14202
714 14 4879
625 46 6371
850 32 25415
587 12 4329
571 44 14820
923 15 13502
87 7 8449
812 42 7048
617 42 45942
150 39 38416
772 5 45605
223 40 9205
35 34 14592
945 4 11891
0 45 12878
876 18 32736
989 33 958
757 34 11640
93 45 35445
851 0 28317
384 44 39524
900 49 17181
513 35 1672
897 3 32666
854 5 47896
669 40 22610
93 34 9239
938 21 19844
55 41 11881
679 45 20567
618 12 43223
775 17 20827
399 42 34568
155 40 32446
84 14 21185
26 5 26668
195 1 10505
865 10 33648
210 33 44320
129 2 43366
86 23 10061
194 23 2469
957 12 43485
141 34 28507
56 42 22977
344 4 4885
67 16 42344
468 21 15852
44 46 41903
760 21 16821
318 24 2958
555 3 42698
882 44 7191
664 8 42673
62 23 412
669 32 5859
643 9 15327
174 39 18528
491 32 44773
342 44 38313
1 28 33118
774 14 28
370 29 42324
953 0 18882
616 28 41685
442 33 28560
976 44 10772
126 3 12967
387 37 25575
467 10 39365
755 44 9209
876 16 20753
472 26 24485
646 37 18825
371 6 41086
574 35 5357
3 8 13995
826 37 42923
790 3 13348
225 15 3423
477 45 11878
832 5 6276
958 41 13273
296 24 6823
253 39 30447
807 22 5268
6 15 39641
772 11 1965
605 46 48900
175 43 38032
709 42 1760
141 23 12488
820 17 10184
469 18 23869
795 39 23298
419 9 34154
242 42 18917
268 2 32392
784 27 124
442 12 8020
329 43 33375
181 3 11448
351 13 15619
712 32 26423
214 44 18212
557 48 44585
964 23 2971
887 15 28646
476 35 15575
33 20 27841
501 20 38393
957 49 8657
882 23 38735
620 46 17140
968 20 40542
724 5 41564
870 30 43022
161 7 5907
242 18 20136
260 6 7546
618 14 40879
505 4 26501
551 44 41990
888 39 27007
185 6 26877
269 28 22371
275 3 4512
236 18 17518
507 20 17527
621 47 49478
33 41 1245
57 19 12683
594 44 34333
546 22 36336
364 32 41120
768 19 18963
40 31 35255
307 44 13711
157 38 43326
727 42 27130
386 26 48437
759 12 5640
454 19 9592
628 8 31475
924 39 16966
588 13 28407
273 44 16365
391 11 49532
167 26 47252
664 37 6089
575 18 30584
485 41 10372
515 30 49911
476 1 42719
716 41 42014
516 2 24907
244 6 46491
862 5 35538
559 45 8668
993 5 20205
393 43 47013
215 44 1683
403 35 1353
345 15 49839
923 49 43315
222 33 25878
666 33 31738
934 5 33786
356 9 44503
731 27 1454
871 21 12710
896 26 23040
760 29 34713
777 1 7334
564 3 46244
152 13 35498
232 24 9570
547 39 7398
157 24 17693
188 19 14148
883 40 35907
997 38 38167
501 45 8142
737 29 2648
523 47 11480
218 42 21445
771 47 33499
720 25 39909
836 8 947
20 44 10115
607 31 37007
235 48 37198
127 34 17226
544 2 35095
930 2 1720
486 35 14266
373 22 32596
288 40 32654
90 19 49978
611 16 43422
70 45 47496
477 28 31131
555 15 15238
969 19 14456
833 28 17360
322 10 25852
134 13 23509
630 4 37812
159 36 34489
457 3 12317
357 36 40779
519 11 16170
701 41 32117
354 37 33356
844 12 25153
969 35 49345
156 14 43050
903 3 3687
307 30 22888
251 43 24514
218 12 1806
306 21 6947
589 23 49886
481 27 12386
226 16 40861
271 11 29573
606 37 33359
468 3 42802
231 6 47593
240 17 41229
896 21 16267
743 6 39396
222 43 35823
700 11 15710
249 15 22426
624 12 27800
623 20 14989
138 11 27075
953 22 10738
191 26 17549
411 25 9129
74 26 10156
56 39 17837
152 49 41125
353 27 14284
471 0 19185
969 24 2776
936 12 16671
584 49 5558
36 12 45127
148 14 44855
306 30 49242
675 16 27610
664 37 18996
53 4 28509
903 9 46571
924 18 7747
147 32 9203
244 34 8961
647 37 23441
779 11 40515
491 25 16264
356 26 35000
36 2 16848
618 36 17389
648 28 18279
370 17 31601
778 25 9284
612 5 7306
207 41 20721
32 17 36192
291 33 20343
477 32 17656
880 15 30363
996 43 28901
803 41 11252
44 30 12551
635 47 17563
975 15 8731
329 48 48737
460 47 33447
248 0 25408
944 48 32937
25 38 21271
186 45 12099
525 17 47665
256 9 11900
682 14 15199
37 49 41331
222 2 5111
461 14 25700
266 20 28143
510 18 4543
319 8 19356
802 10 1423
368 14 41488
567 49 48464
608 43 8301
437 28 33112
504 3 13712
212 48 780
126 0 38456
928 25 1058
363 14 3029
596 2 29868
206 32 8293
775 8 20535
898 49 46700
472 19 33357
590 45 3825
254 32 27711
506 3 37899
421 2 32030
144 35 45669
860 31 44317
806 8 6811
518 9 29485
675 38 21075
538 15 35690
201 47 17457
658 48 8935
960 1 44034
710 10 42563
806 20 25096
713 4 7037
860 36 33912
886 42 9784
373 10 26575
411 49 23703
882 32 44031
598 34 6909
206 40 13220
380 43 22987
868 18 8069
875 15 17164
973 27 21158
470 2 44518
344 17 8886
153 3 6128
890 24 33269
401 2 40045
713 43 2190
62 31 49516
138 22 42245
496 32 27561
275 31 3692
516 37 2001
568 34 18355
58 29 15020
30 34 34929
127 41 40038
133 28 30223
23 38 6321
303 36 27703
722 14 36255
152 37 18049
307 19 11798
438 20 38826
608 18 15320
58 46 18970
135 16 46352
748 0 12342
213 34 18379
460 11 21913
895 33 25950
381 4 42651
988 42 13253
154 9 31048
608 39 46214
755 3 3199
146 7 35208
900 27 24520
243 4 11522
861 10 23006
233 5 20957
540 43 22242
552 49 13444
779 20 23919
69 44 23458
278 25 30543
68 13 46690
175 29 6943
472 17 28049
150 3 17599
140 28 35402
793 41 246
135 20 45903
742 44 31108
77 11 2056
820 15 31865
918 6 4586
674 12 21315
321 37 9804
834 36 36850
693 39 31813
827 12 9656
567 30 39344
228 33 5783
512 22 19358
541 23 17855
126 0 6058
548 27 29487
703 11 33276
94 9 28252
203 19 36610
890 36 17731
566 14 131
190 33 28342
739 11 2711
333 22 20846
167 47 43730
838 43 9573
215 22 41991
24 5 25084
758 10 21143
886 5 38051
791 9 6160
754 26 8609
99 4 5334
564 46 42444
377 32 21876
553 42 24140
86 44 12180
88 37 30088
751 22 28078
947 30 23695
538 16 17333
951 15 6791
133 41 14674
882 1 38703
77 15 11037
43 49 24994
42 40 46734
598 45 9599
352 9 32874
573 32 48779
936 12 9298
473 38 44386
99 30 43233
559 20 35489
602 14 7489
362 9 19169
439 28 49403
197 13 44246
597 22 16451
262 20 14041
700 25 3775
244 6 28550
980 24 47394
694 39 10573
932 27 49835
978 19 10968
354 18 17524
783 23 1650
52 26 4560
170 41 48314
322 13 11865
373 22 26843
847 29 17069
856 47 21876
695 17 5600
638 30 35891
869 45 9362
753 33 7107
491 22 1567
77 8 24562
85 28 44989
911 18 4471
948 41 1510
505 10 167
282 35 21863
551 22 32268
520 45 26190
290 13 45960
831 0 48619
553 29 18724
367 35 32303
426 33 24289
25 34 9884
16 18 48664
208 45 11262
392 36 33597
118 17 49998
386 41 11041
509 21 25549
133 42 2964
59 38 28604
638 10 20469
182 0 36786
861 1 11724
650 45 24307
973 31 40337
147 22 16938
327 42 27533
41 49 21594
777 21 38105
958 5 46451
243 15 28151
793 8 16531
901 23 37855
692 26 48897
873 38 26236
808 14 37519
124 18 49865
540 14 28337
350 8 38657
380 41 13342
168 37 38747
553 30 22263
772 41 27593
857 49 35844
699 24 45567
806 29 37360
822 19 11494
258 30 2500
524 44 30474
759 18 1408
960 1 5654
254 6 41066
862 23 21129
851 6 18752
15 38 37890
504 40 22138
485 1 31594
645 29 25497
645 48 15576
451 8 28965
92 21 8632
162 1 4034
215 27 4809
757 29 45533
19 8 13288
222 9 31546
929 34 10388
334 19 38413
361 41 34464
322 39 32390
987 5 31883
935 21 11214
979 40 9199
893 48 28842
375 24 22994
816 49 2899
398 31 9974
388 1 13503
429 37 2535
558 13 15913
333 11 11413
650 49 22499
130 25 48925
768 26 32975
76 6 21150
209 20 39762
672 37 10943
161 6 37654
833 35 42320
433 21 47256
767 29 14366
707 16 45499
768 39 18771
634 22 28747
921 36 31368
843 17 40673
766 10 21318
925 3 49957
945 21 15918
85 15 49890
369 27 42668
717 25 13651
889 42 18071
860 12 48924
482 41 44338
507 44 12123
738 26 29709
600 9 34665
14 21 24117
233 11 43315
51 2 9621
649 47 46534
254 42 40688
946 24 38693
574 40 9304
481 3 11484
71 45 33820
834 34 32942
888 13 32553
362 39 34547
568 45 37467
801 19 3948
765 48 25026
17 29 45722
449 32 45716
976 25 47292
902 45 18006
322 41 8079
713 25 152
66 44 6422
693 31 27303
660 2 23279
223 41 13692
260 16 18329
776 39 2219
244 48 35824
917 36 43433
724 28 21136
838 12 13729
537 38 10059
98 27 3190
671 39 1393
705 1 41657
75 21 8579
596 9 28812
295 36 35270
701 3 40726
173 11 26774
149 48 16957
415 0 42211
355 43 45759
975 29 18411
846 25 12511
34 33 2455
315 3 32842
275 46 32884
959 40 31305
191 20 22861
817 44 17415
762 10 25750
324 9 27328
800 28 17207
259 43 4958
697 1 7983
453 10 3398
25 38 29160
285 31 26651
621 4 34351
921 12 25513
680 30 15568
118 5 41008
957 43 6252
191 36 45503
283 5 4976
168 40 28684
452 47 9171
283 49 22932
674 14 43081
97 0 48798
709 7 45240
938 45 23877
522 17 8802
149 32 26316
623 7 11442
666 33 49268
740 23 24779
923 24 41944
998 15 31850
293 40 17439
935 46 39397
91 19 30884
249 26 41247
537 38 12336
796 19 31572
600 13 10615
258 42 29792
768 19 35977
805 17 37988
775 43 11467
555 21 30564
108 16 3758
122 30 22572
875 40 2999
94 46 22849
474 45 27919
919 23 21386
684 27 13539
399 49 29643
981 16 46484
573 33 15036
862 32 13996
606 40 12336
160 35 32016
898 5 25500
799 32 335
997 4 12498
214 49 43985
218 48 5360
637 3 43054
133 16 1695
593 32 41347
71 2 21679
315 31 38693
856 30 38139
287 31 45668
573 2 28678
98 40 20161
589 18 42221
653 19 26704
480 43 42319
193 31 49197
943 19 18858
424 8 20409
236 17 2865
4 19 39220
232 22 12391
435 26 23242
126 15 41024
53 29 8866
268 26 2276
665 8 18031
242 4 13870
259 6 24851
269 17 34388
215 6 31404
411 5 414
110 20 41762
957 37 46607
698 41 39462
169 16 26539
226 22 29992
3 9 40468
69 20 22402
580 19 23592
733 48 20444
552 23 34010
842 37 32268
377 20 15723
408 2 43055
651 49 13307
132 13 26724
442 34 30455
414 40 40001
616 47 29234
1 21 14161
552 0 930
946 0 49963
108 43 27523
526 21 46617
395 1 36126
802 25 4639
672 45 17932
936 23 49567
344 32 37688
823 24 35965
942 47 19154
845 13 42030
407 18 41372
568 47 5893
94 4 12896
713 36 17050
452 2 15424
280 46 40467
466 10 6719
225 48 34044
964 17 12721
153 7 15492
752 20 34774
47 1 38585
965 15 38450
365 7 34948
189 42 10280
463 23 15084
320 21 37053
733 14 36314
584 21 6116
137 4 45237
620 22 46594
441 24 19871
960 27 35413
532 16 11809
753 3 17020
968 33 32272
103 3 15705
189 20 11390
77 6 6281
982 37 21976
589 48 9714
304 4 44593
163 3 43678
694 7 4490
227 44 39720
106 23 39956
677 35 49422
60 13 4018
614 47 49758
833 23 29712
493 17 30621
663 36 7679
832 42 40832
471 18 40253
801 6 19613
151 33 44286
344 46 22418
257 4 36093
28 34 10347
288 39 14439
77 2 49522
714 12 47654
996 21 19382
719 45 29430
916 12 3926
549 41 12036
181 10 28264
271 10 21083
199 26 21791
428 15 2850
808 39 8771
567 15 28083
721 35 4975
651 41 42189
538 40 48306
587 2 552
736 34 28761
726 24 23806
890 36 46647
375 32 4622
942 11 444
411 13 26337
291 16 28020
579 42 48323
923 0 32586
648 19 7562
479 46 22066
841 11 44370
429 32 27240
104 21 3209
703 23 7965
181 33 11616
419 27 28026
738 47 32435
375 2 34826
280 45 43013
375 25 26787
374 28 44974
898 7 34547
707 24 13711
817 6 17212
729 21 20422
443 8 30095
557 36 40507
519 39 46418
656 45 9970
565 35 23800
646 23 26208
211 18 33437
74 42 36781
356 31 14779
165 36 32639
765 4 42285
807 7 5300
261 40 29581
896 38 47267
240 28 38658
731 42 22757
516 8 31223
956 43 36993
222 13 16004
689 6 35659
633 15 7703
454 21 33128
187 20 12018
833 44 33753
663 0 2911
428 20 17316
650 44 6977
159 11 15877
845 28 3823
590 21 9942
504 49 23770
720 35 12290
916 43 43201
607 43 7848
683 22 14164
122 8 19355
91 19 35025
762 35 14261
435 23 45624
74 36 14709
348 7 29716
388 44 35593
490 25 39876
728 34 29428
557 29 44150
610 31 6814
982 39 9932
733 14 7691
464 36 35137
398 43 25025
915 29 33267
730 8 47683
747 33 42137
514 17 14965
417 49 33461
565 17 42336
218 31 31013
815 32 4263
448 10 3390
993 24 47320
988 47 47264
187 24 11949
210 2 25721
467 3 40619
467 12 25586
302 18 49112
242 33 31759
333 4 3895
726 29 2887
688 17 26145
425 33 33622
409 8 40666
314 13 43463
880 43 17248
159 26 31545
536 10 30785
349 29 30322
764 20 24913
94 40 49455
223 31 14551
89 15 20308
473 31 29146
761 48 20745
962 45 31649
400 47 10487
943 36 4190
986 12 38241
891 11 22300
449 14 42218
919 3 41694
5 30 20811
454 35 6745
512 42 15090
775 13 17848
404 10 13915
848 33 7647
750 46 36134
793 48 43395
888 20 26978
629 13 46390
10 24 41861
742 20 28985
465 47 34965
171 21 24245
313 15 11398
681 12 32912
381 20 31375
395 19 37248
929 29 47093
745 18 29444
6 15 35350
828 36 15172
317 2 22670
226 6 28620
758 33 48009
645 16 21389
526 23 16582
360 30 25285
736 40 9773
100 44 3360
796 35 33202
481 11 24735
344 48 5870
696 15 3811
295 31 36357
343 43 17330
737 26 12325
502 35 49800
32 44 32307
454 35 3162
339 9 48501
683 4 20959
3 47 46901
371 37 42519
524 14 42365
892 31 30562
599 42 19923
691 0 42485
977 12 21054
891 31 14532
191 6 41420
158 10 30153
753 8 42595
751 33 18028
505 9 26260
738 21 19686
252 24 38176
465 23 29281
223 23 23464
310 26 44449
249 21 47802
121 42 16159
94 39 33556
873 41 2829
391 21 47891
257 48 35161
928 12 18142
459 31 32245
462 41 23003
683 10 14396
442 34 19757
900 4 29267
230 33 24997
482 42 9936
543 39 19113
837 3 5106
29 33 25030
902 44 11363
142 34 15373
844 13 33268
819 41 39467
336 3 4097
653 7 46260
951 21 415
503 47 33181
623 4 11927
214 44 19104
104 14 29049
162 42 24157
741 8 47694
496 15 37014
756 30 11383
348 6 33401
829 41 26909
890 18 18076
972 2 20403
289 16 19373
538 12 22573
7 18 42617
346 9 41966
261 19 19923
312 22 12983
984 11 22950
320 20 26865
75 22 7122
975 2 33749
734 16 22648
202 15 168
895 28 15670
618 21 10841
697 20 46253
672 30 49459
251 31 12479
640 5 15201
491 27 17498
707 34 48218
221 17 26146
275 10 25683
105 24 27211
664 6 41517
455 11 7329
75 0 42943
735 47 11564
225 24 3003
332 11 2558
284 12 14634
845 4 4367
372 48 36602
0 19 28423
127 19 27982
38 1 9440
640 11 14320
238 48 38436
120 24 3491
294 3 47366
997 19 30091
38 36 5092
77 28 37275
171 43 2303
459 16 43335
625 46 11704
469 44 48278
234 15 21507
144 29 7235
893 6 13840
587 21 23760
869 23 46365
206 12 32957
687 10 12913
621 24 15125
160 37 30392
938 26 29801
607 27 41943
784 7 28891
193 27 13420
967 36 28881
340 19 41699
93 6 13298
860 17 26807
368 9 18522
947 25 11198
804 45 25982
715 10 22397
428 16 32509
695 14 8313
319 38 15486
821 47 20972
805 33 41799
685 25 1410
963 39 1639
560 31 17267
204 17 17459
572 27 28199
339 47 6947
895 5 12719
791 26 23829
201 33 14088
647 43 7857
453 20 40152
649 47 21012
631 35 38276
125 11 21105
233 45 37046
496 44 36596
964 13 6533
724 33 5504
675 29 25794
876 24 19715
258 49 47525
601 14 3227
54 34 24167
207 49 45760
300 2 25437
286 36 28798
382 36 25918
260 3 48142
75 26 9593
154 43 14318
818 16 469
620 17 41293
471 18 13462
603 6 20627
63 13 40961
170 9 43233
931 23 13494
883 16 13695
397 19 14961
90 7 45851
233 4 22557
1 9 34674
249 5 10208
876 7 14444
485 30 8829
927 8 46709
637 13 41143
147 27 25861
343 5 32691
256 34 6151
235 28 23679
607 43 45854
136 35 38109
323 1 24035
543 3 4037
464 49 39198
104 45 21239
763 11 25996
391 20 15710
870 37 27014
448 15 25106
205 43 40868
275 15 41464
21 45 28889
211 20 15025
95 25 37217
617 6 29658
228 42 41424
609 49 41843
472 36 42406
576 40 2804
391 30 12091
296 15 7656
765 25 31928
417 9 35373
456 19 13709
506 26 7653
200 35 33631
893 7 25020
326 5 29250
465 38 15332
160 1 17989
347 25 36360
616 44 20914
455 49 7890
467 38 11193
878 45 17539
533 31 42914
948 37 19907
639 5 14101
341 29 15611
142 8 13670
323 33 29330
295 35 40569
821 34 33029
929 6 33681
99 36 7650
58 22 8794
899 38 9931
32 20 44336
248 19 17687
944 35 44354
743 45 45023
941 16 49966
248 48 28019
273 26 25393
282 9 21525
783 27 28572
388 42 42856
575 6 48851
565 2 17483
433 23 17296
549 33 28659
533 44 19878
265 48 31007
834 13 38887
13 6 32866
294 41 35917
472 9 3297
843 15 46262
105 42 8363
456 31 31356
750 34 7214
122 47 17895
902 29 29870
968 17 37420
163 13 12705
601 8 29540
342 11 18987
498 18 7257
781 45 38886
961 0 29178
468 18 49950
736 20 6200
928 21 31207
372 22 42352
269 43 30837
905 38 24286
68 0 42806
158 28 31480
611 27 18526
468 9 38531
163 10 22081
488 19 31977
305 33 18126
58 7 6192
908 29 40528
85 40 8347
378 33 41325
106 16 25531
606 41 48660
785 3 10184
729 32 45543
498 21 41792
515 27 2632
167 14 39970
370 38 43789
440 22 24879
585 38 12491
598 17 38028
563 12 25540
814 36 13530
239 1 14936
510 46 21144
205 34 35061
630 20 48419
601 20 37945
344 28 3764
262 1 17670
556 16 5325
44 36 27362
392 43 16458
257 31 23815
24 43 43369
334 6 15235
896 34 20073
925 41 3698
660 36 30520
242 4 16027
467 14 16488
371 26 36814
758 22 26398
847 11 25320
697 35 422
456 37 30904
374 25 22784
924 24 20415
563 37 45377
688 0 45144
875 0 8532
336 18 28372
653 24 22952
212 16 32130
638 31 48924
967 25 3644
709 39 5127
373 11 4230
217 43 21236
275 24 20763
736 33 11458
424 38 25619
205 13 5055
777 48 28380
87 32 19877
116 12 41469
181 27 17182
988 19 41582
631 20 40557
858 30 9406
535 42 23866
698 0 30274
228 24 152
216 32 10670
6 20 11993
887 8 42568
875 47 13692
220 11 44688
57 28 38140
330 34 24446
835 18 44559
330 34 35086
864 20 23350
906 27 24709
110 30 29559
363 22 24603
465 0 33978
209 6 28417
465 36 16318
579 34 28953
500 31 24812
920 25 24171
711 5 1520
485 9 40958
134 26 47668
984 25 16043
371 27 6547
74 31 39010
22 45 4578
869 38 2842
488 12 27348
963 1 37046
655 22 12172
4 32 2644
306 0 38467
12 19 15089
491 10 14895
804 7 37049
140 10 39827
928 33 48691
617 33 39774
687 31 1543
792 2 42080
554 48 1210
591 31 20059
505 45 14269
220 47 19764
491 0 15859
259 49 3318
395 27 8642
127 46 43900
110 41 16167
407 30 11928
348 4 18453
56 10 33544
630 32 16589
179 25 20529
663 19 29837
860 1 2537
90 1 5107
158 35 27997
640 17 2374
488 0 10963
730 9 15520
798 43 49891
75 17 22519
985 11 6594
22 44 23541
863 39 19308
995 5 33621
441 16 32346
777 36 40451
61 23 22021
614 13 16376
601 47 752
61 49 237
117 26 46097
597 49 43663
808 4 12533
584 8 23795
84 48 11099
216 36 20336
968 46 124
54 33 3456
786 15 5887
851 9 3427
890 18 45146
786 7 21306
982 30 13670
671 5 432
879 29 37524
703 9 4251
252 34 48592
695 43 9173
392 2 39036
949 4 39532
119 21 2253
755 49 21367
85 29 24938
274 3 8182
890 16 7723
635 40 46286
326 37 16259
794 28 7214
252 10 39069
741 3 23911
563 16 7074
625 44 34442
777 27 20211
196 17 2450
476 27 19803
516 45 33349
584 9 47510
561 29 21102
658 16 24941
530 5 37427
725 30 24630
856 27 40865
399 24 37387
893 14 13413
279 31 30967
375 1 30154
23 2 24524
761 40 25512
682 3 34390
704 49 34808
333 29 46972
845 13 35660
899 23 48500
387 14 22473
475 22 27120
623 29 26559
898 46 44680
268 46 1368
556 29 10466
844 47 13122
669 47 8744
865 36 45353
441 31 33400
595 48 46697
84 27 38029
310 2 31742
574 3 38927
771 13 2855
222 24 4926
935 13 45115
373 7 12471
266 2 4381
189 7 871
955 24 12184
750 6 33395
111 44 20366
692 20 47572
680 19 41071
792 38 5440
558 35 16007
162 35 32237
606 30 34824
888 42 28378
792 25 46450
878 12 12957
806 14 5649
783 24 49747
698 4 1748
602 37 20457
694 4 46955
623 36 4518
618 29 25076
450 15 6550
688 40 49372
682 4 15999
68 22 17770
421 23 34358
396 11 14197
501 49 48727
69 36 4809
819 10 1264
308 47 43736
371 2 35947
131 37 12557
166 16 26599
86 8 37058
334 20 36234
821 36 47544
454 48 17546
658 25 35019
973 30 40221
180 12 11285
3 24 41736
30 3 37366
158 49 35565
490 42 2865
166 33 16110
546 32 47195
740 20 47500
286 14 25648
724 29 525
931 49 43314
214 39 9733
914 29 104
528 7 6311
44 43 37851
231 41 16311
153 23 33752
566 38 49713
556 5 12512
525 25 48415
830 10 514
752 19 47990
371 15 12417
170 39 45388
590 13 35653
38 9 12196
38 1 28519
365 15 20652
640 15 16427
232 16 47182
488 48 6773
677 47 15596
988 4 10249
536 45 25554
22 8 34552
606 41 8477
425 30 23205
503 0 24452
851 25 48836
511 10 32011
640 48 2318
906 1 42542
477 17 46564
428 5 37793
281 3 15431
356 46 13483
33 44 30027
636 35 30321
22 15 15908
923 5 8361
366 4 42735
441 1 4156
757 10 47178
646 17 36866
951 1 46714
756 21 28489
98 17 32841
811 5 20273
740 23 36390
709 12 4247
163 11 43380
321 42 3151
942 49 12452
242 33 14915
239 3 39503
804 46 19525
385 47 35334
224 19 49313
444 40 40300
366 47 1767
804 34 6262
409 20 43326
916 10 34949
267 49 44971
11 35 15795
8 15 4430
196 40 2419
975 36 4948
55 35 9569
585 26 20389
563 0 36535
815 46 2206
678 13 30082
25 33 25876
866 25 36330
472 25 49212
765 20 46499
831 39 4676
73 7 25118
357 7 12102
613 34 47302
562 40 15770
741 27 40883
590 21 9567
392 40 14901
794 17 49950
761 44 6937
38 26 7674
847 32 29821
315 48 18277
122 25 24243
398 45 14186
827 9 18707
214 6 38846
814 12 28315
85 5 2072
713 35 48083
711 23 42495
598 1 6514
795 46 24838
583 1 25618
883 22 10182
908 26 45475
911 27 36856
983 36 6889
409 13 41571
107 24 1566
514 0 18441
345 2 16333
427 48 48798
163 35 11622
834 21 10783
543 25 329
914 14 29662
167 4 38391
832 48 4914
80 11 47963
711 19 40332
108 15 47832
103 18 11276
787 12 30658
205 2 18906
385 47 30164
517 3 14325
874 18 338
104 16 14118
75 41 26008
143 38 336
438 13 25048
745 8 26686
739 29 25663
697 34 16537
839 40 3398
729 13 29588
106 0 34002
811 12 12557
980 45 13261
285 9 9862
514 34 35081
337 40 27531
270 7 22304
889 27 36340
988 24 39253
563 49 7959
5 32 2472
121 11 46106
711 40 15405
253 23 24296
15 4 34634
425 11 6009
484 39 49262
413 21 48594
410 38 30662
278 32 748
666 46 33154
261 12 17729
812 10 35328
459 16 24934
324 27 9347
744 22 19162
107 30 49549
273 13 13015
62 49 12763
359 40 33978
19 11 16879
743 5 25300
565 4 4227
550 2 26770
92 28 28288
278 21 41655
857 13 31575
904 42 28751
878 41 23018
762 43 28515
787 27 3800
933 6 43897
115 48 32318
669 27 34058
896 11 47310
45 41 47244
990 10 7439
179 46 5029
543 41 10072
670 45 15365
574 13 38355
760 49 25425
271 21 18813
297 21 20029
85 3 24270
273 45 46056
655 17 43892
754 15 34571
562 40 31720
111 24 49764
673 38 16621
428 40 37370
561 8 42687
466 21 20578
918 36 38513
423 24 13572
290 33 3390
295 20 29929
546 36 7546
405 22 3808
933 31 19749
95 34 32354
782 25 23426
800 33 43157
750 49 38431
856 29 25702
695 15 15243
251 26 45507
819 19 7733
345 38 7962
656 27 18794
100 32 22224
726 21 16095
976 34 34430
413 12 7062
700 47 34232
738 4 23157
587 6 19654
347 11 27091
614 14 33426
390 24 21808
966 12 10831
836 7 4945
746 35 9417
687 30 19100
748 35 38090
322 48 4088
301 40 39201
402 36 30122
300 28 40040
149 37 9629
436 8 5919
415 47 2250
353 24 19529
234 20 47237
642 27 36962
14 7 27448
711 36 43673
16 46 15409
839 49 13417
477 34 37458
133 48 6132
10 11 23988
930 20 30860
694 21 3735
3 37 38427
397 14 41903
599 42 32995
394 22 30568
650 31 8952
148 35 8107
659 25 48130
148 1 27047
787 25 48456
778 40 37001
83 6 14157
836 25 45141
872 39 41312
851 13 33898
871 45 14191
353 2 48146
609 23 24569
448 14 36200
157 39 47863
14 46 44398
606 31 41243
476 14 31628
152 8 7266
66 29 35460
972 44 1945
123 37 10703
953 21 3263
542 23 25302
325 41 18016
299 10 20266
494 34 24237
945 47 35559
470 0 14180
717 44 13253
387 12 35308
67 24 34708
48 6 9182
67 20 1578
755 16 29958
799 49 434
421 41 16905
534 2 24474
738 43 7898
515 27 32517
624 36 8829
166 20 12951
860 41 3481
350 19 45377
787 27 21105
607 22 31780
892 48 24975
755 9 27328
623 43 4131
843 41 1083
633 43 22436
268 22 11152
576 23 299
354 22 540
233 32 41261
13 41 40822
776 37 9176
408 39 8558
15 41 14767
582 17 30275
813 42 13834
54 16 13849
429 19 36711
704 25 42465
57 27 3561
316 33 26441
698 46 37147
648 25 39881
164 0 24747
637 2 35779
387 43 20901
464 28 24850
995 38 2714
907 38 44233
477 4 40804
933 33 22816
31 37 13404
828 18 41757
511 45 41360
880 0 48128
450 9 40182
409 25 15289
776 15 43235
689 41 37421
30 21 1465
427 1 20873
400 35 35776
941 36 21751
658 46 21497
980 45 1087
910 10 4781
955 22 13284
12 6 36513
175 11 32796
368 10 3047
376 1 38445
746 36 31549
503 17 11450
781 17 38217
538 44 45492
540 42 39339
851 30 11460
370 45 47179
398 15 49158
638 3 40439
852 9 26263
896 30 41412
118 0 10938
846 29 15297
182 15 40747
411 7 7152
540 49 24521
635 21 20438
698 25 7087
30 26 25393
578 35 8169
832 48 22235
377 21 8654
814 31 49103
319 36 35725
152 1 9853
201 3 6576
159 26 20935
361 25 6523
156 36 4195
997 24 31735
423 37 1033
921 29 30802
924 34 29298
313 32 34373
834 25 34028
322 22 46671
23 41 39450
239 26 105
355 17 27664
276 45 11029
339 28 15788
56 38 14110
249 14 44760
387 30 16187
167 39 36795
915 47 32727
30 9 35180
928 32 19271
666 43 28056
286 4 45065
84 41 38193
263 8 4636
839 17 9897
359 23 17440
647 40 1941
255 12 36315
388 21 35117
671 26 37066
934 39 3177
152 25 38860
929 37 9195
948 10 1530
914 32 18419
529 45 45532
421 27 8123
661 4 17801
349 47 651
653 42 34289
879 33 22975
591 12 9785
320 7 18234
631 33 18196
488 32 7687
307 13 14518
164 22 7706
51 4 20406
279 35 17552
169 25 36980
7 24 5264
197 24 41713
501 28 32072
969 17 9730
186 20 15582
423 1 2524
185 16 13325
225 44 3909
933 15 1917
937 44 11193
729 46 42245
170 11 17425
250 36 3100
390 34 46155
364 30 30638
31 6 1160
262 43 24737
393 37 29895
852 48 42825
624 37 48727
307 20 36269
276 18 36160
576 1 20801
89 2 33540
233 42 16325
856 23 43526
881 19 21819
369 45 38359
655 1 45841
483 31 41807
499 34 24329
15 16 49135
810 21 37319
305 43 27408
736 32 14914
643 19 22845
85 34 38238
978 38 34943
390 41 44912
426 34 31226
401 31 41280
272 27 9472
174 22 27209
129 9 32288
60 33 45616
996 15 1746
460 42 29133
225 37 37069
301 34 21896
968 2 3068
430 33 27792
353 2 14407
844 29 25719
570 38 26318
144 1 9994
891 48 38548
60 29 20990
303 39 16991
296 3 35917
473 4 46391
420 8 36676
719 46 31431
27 33 44978
259 34 39202
336 13 49407
767 38 29201
708 18 5428
403 2 45580
39 5 6831
492 32 14843
276 33 33253
512 10 16670
504 16 29703
625 30 26879
580 4 27161
207 13 14345
726 34 42858
874 41 10899
210 37 35019
730 22 18230
438 6 1684
43 31 35986
915 12 569
649 2 18581
382 22 20892
902 37 28883
172 22 23311
288 24 11246
788 13 27335
810 47 19225
26 18 13212
520 8 6962
559 41 35358
275 2 16355
604 48 27518
437 19 33603
0 46 47701
812 29 48782
879 43 36510
956 15 48539
384 18 31280
209 4 16379
61 10 35420
876 47 7388
919 30 11081
296 16 44258
218 30 35316
406 49 42604
700 27 12793
994 7 29113
289 47 22588
269 37 7676
848 47 4158
502 37 46497
11 22 7080
752 14 18799
687 36 3299
25 37 33174
876 9 35971
438 3 23775
720 27 18628
675 7 42186
334 24 30889
220 42 45554
167 20 12037
524 12 32842
229 38 1048
318 14 16800
446 19 15363
30 19 34491
627 20 49236
90 29 16738
51 33 32626
103 24 31816
82 44 11183
221 47 32747
159 43 544
838 17 5608
626 38 31010
241 36 15129
843 40 47057
978 3 39833
393 16 25437
236 21 49164
872 6 49569
677 21 36417
615 39 28006
609 36 44310
695 5 36896
826 35 1240
163 35 28840
524 29 10068
666 16 48829
494 3 49261
290 45 23947
16 36 48540
698 33 37307
810 33 17216
49 25 20123
162 11 29991
851 13 34774
588 31 30876
543 9 31456
588 23 35556
806 16 47081
24 25 7369
647 10 24354
999 26 40149
710 29 25308
312 20 36472
830 15 37473
210 39 35018
569 16 733
896 24 22313
742 38 7936
345 0 4062
574 36 43265
983 1 37276
690 20 40154
122 19 6787
757 14 23499
176 5 10818
916 5 3115
858 7 16997
632 5 40534
182 18 469
8 31 22570
461 5 30892
905 10 1138
386 28 196
952 19 17654
567 49 36734
82 42 21350
498 4 20929
215 25 27894
169 3 49495
139 31 3717
643 40 40849
609 35 6212
932 33 25522
785 21 37254
794 13 14024
563 37 1674
899 33 25822
862 0 42423
727 34 489
165 29 43443
234 31 38779
942 12 33205
71 4 37005
827 35 1377
262 16 19410
639 32 37712
620 22 45792
393 42 10220
782 42 22386
235 34 22874
73 17 16961
269 32 25923
815 28 22559
656 6 3523
338 48 16717
91 21 24826
404 32 6601
983 26 15284
627 25 1253
133 25 13607
701 25 20782
895 19 32874
44 36 26823
46 5 31520
915 18 5412
657 6 47527
773 17 32167
175 35 42209
997 40 12443
746 11 16966
169 16 46875
98 0 21954
729 22 34106
130 7 2855
290 37 44798
195 14 41797
482 34 45703
466 45 1639
862 37 20799
299 6 42268
496 9 27159
959 35 30141
674 14 5956
258 8 7235
406 23 15733
738 29 21595
295 22 39786
343 13 26548
117 42 9121
900 16 49679
567 24 23627
768 2 14294
601 18 21299
356 47 11093
186 7 685
920 37 26162
795 43 9989
185 6 47834
158 48 22694
218 0 35424
916 40 43882
263 1 38922
183 41 42466
347 26 39794
63 49 10245
60 24 21746
151 32 42384
60 26 5576
379 33 23871
653 0 32994
302 5 14699
272 28 38489
496 26 19854
575 9 25167
803 48 22669
271 14 29085
618 46 7042
93 26 45184
987 17 34167
720 16 46855
113 43 3615
336 6 37163
255 34 4100
175 42 40575
450 1 19409
795 19 29449
422 25 38169
704 11 43919
240 31 17349
962 6 39054
848 41 15595
342 20 14496
635 30 44195
776 1 4501
101 45 37571
294 19 12678
564 17 47205
980 7 31083
192 33 14084
128 28 26436
645 5 47833
1 11 36574
529 13 13902
820 39 9007
948 20 45822
169 16 1083
881 23 42768
297 4 16090
340 25 40110
811 1 11730
520 19 44995
771 46 5567
408 42 2905
400 43 36098
240 16 40290
526 25 2900
466 32 20471
895 16 29859
733 25 4996
832 23 15415
43 17 41988
780 19 48004
982 5 21308
431 20 2571
752 33 23436
596 44 26750
264 39 16989
369 25 18082
999 35 36354
48 17 496
575 16 9693
292 5 679
152 34 39079
768 11 9280
689 38 24422
931 9 23302
840 43 45720
732 41 37593
425 1 33807
639 9 18451
115 19 5301
909 20 43649
58 15 6213
226 24 34467
334 16 18630
457 18 42077
731 22 42016
701 27 3859
959 47 34079
40 45 13665
244 36 15801
157 48 10160
870 39 27798
263 23 18694
903 44 24206
543 47 45428
985 6 19931
876 29 11975
380 46 20614
631 10 34087
894 14 30119
966 8 30236
988 13 23341
241 16 30709
333 21 48277
880 22 32713
858 14 8575
16 34 9624
396 6 49849
470 32 26238
528 40 7222
152 33 49150
75 40 41603
942 45 34417
933 31 45936
198 5 44299
520 17 26708
128 22 40200
779 26 37177
643 28 27349
618 0 29067
552 29 10010
145 3 7285
954 38 42334
571 11 9142
818 9 7213
600 49 21924
794 16 757
695 41 46340
384 33 45734
108 19 39960
355 34 35890
55 10 46671
666 47 39520
250 41 5102
358 33 39786
701 20 15141
797 7 44723
596 42 24069
294 24 31512
833 9 29065
162 9 14149
415 48 10015
116 44 13314
712 27 34576
735 34 47196
868 0 13871
939 17 45667
944 1 35225
624 3 41507
414 19 41837
978 36 40791
611 18 22954
340 11 49169
908 9 10113
794 13 11234
293 4 11741
691 3 42264
27 27 48278
224 33 32269
862 32 28036
381 14 1009
804 20 37448
441 46 18533
846 8 10262
471 28 49907
579 21 22462
169 38 8169
850 18 44129
782 12 7188
505 35 48307
375 45 11774
415 1 4495
928 46 24578
182 26 11555
853 15 24081
378 41 6674
954 31 13983
203 12 26490
851 18 22830
32 14 49556
664 21 3679
5 12 28823
103 27 33059
729 6 17006
105 27 9492
296 42 49621
750 17 23329
790 29 29015
348 47 37359
895 0 46485
148 7 25130
890 42 35515
195 20 44097
787 2 9977
141 6 13815
885 32 32420
253 26 21243
372 37 24327
526 12 6124
643 28 39656
416 44 10796
402 15 31007
681 48 14847
894 24 27731
192 7 2242
787 34 23807
734 35 44846
962 47 34292
941 2 683
593 45 42358
633 29 18834
400 0 24846
545 10 36655
264 42 2035
411 8 15432
935 45 25156
600 7 20325
344 6 28145
659 16 37654
445 2 12985
363 2 3069
545 40 49945
222 39 24043
400 3 738
167 38 37509
71 6 25916
469 0 48907
884 34 49150
902 22 37291
421 16 30685
331 24 3927
934 20 4832
471 46 40241
611 20 17208
182 41 48542
406 39 40108
627 32 16956
493 43 21997
822 29 9819
614 22 39893
552 3 41680
485 4 49797
801 9 8204
375 1 27838
784 27 29906
434 7 13227
898 47 25967
468 18 34830
113 9 16591
115 9 7489
244 45 44087
378 29 17989
708 19 4373
64 48 27595
816 43 30953
971 35 3669
850 2 1109
8 49 8955
251 40 17834
275 18 2163
96 48 6717
631 48 47690
597 26 2310
144 39 39124
616 21 12761
735 8 19864
137 40 26052
574 33 18505
950 28 33477
885 41 46731
163 24 10204
232 26 1321
597 48 26117
185 44 20004
411 12 16220
903 20 39578
542 30 7346
909 26 40079
833 33 33869
171 41 48488
485 28 48437
844 21 34687
694 39 43406
647 28 9296
566 31 13394
386 11 8735
804 46 43509
271 26 44035
845 33 19927
181 35 48873
739 49 44512
18 45 35745
907 20 29235
951 1 7583
317 0 1895
896 0 26782
843 43 19400
823 15 44118
475 12 37792
223 1 31002
733 2 2850
295 10 46147
920 44 9536
161 33 29528
846 14 35322
79 4 32694
438 31 6019
616 40 27556
953 10 2010
585 0 43031
512 3 23995
962 27 2580
840 5 28804
630 0 41519
525 7 8286
28 42 8668
871 47 9741
103 42 7740
555 20 26334
570 20 626
75 26 17914
550 18 35097
414 11 40952
485 9 41759
439 4 37391
684 35 43533
296 11 21842
279 22 11919
818 4 41454
824 39 18422
912 33 7041
710 25 37239
681 40 11666
64 4 10935
32 7 24395
594 17 33338
530 16 42238
479 21 45419
670 13 19464
751 23 3312
919 36 47451
784 45 12890
956 21 26404
554 38 44643
704 6 12291
756 20 14421
723 10 1486
740 28 7353
93 31 6727
679 48 8662
947 30 18382
583 12 22809
148 31 47463
442 37 28087
530 13 26930
699 25 24742
366 17 7219
857 28 44049
238 16 31920
242 23 41898
803 32 36929
668 15 23498
606 3 6150
822 46 16006
490 48 46193
34 42 49534
18 39 1709
457 17 8658
550 43 33473
345 8 12922
584 10 20374
981 48 26844
597 3 20738
674 27 46376
254 17 45621
125 28 21273
138 14 4692
553 47 40120
190 19 24323
480 41 39836
149 4 45513
712 4 48963
103 23 35985
874 24 49211
198 29 2941
429 1 47978
11 3 9601
37 39 42969
743 1 33095
585 47 35620
758 25 40852
40 6 13313
540 4 10132
100 33 45151
612 11 38078
615 47 38740
315 41 8997
337 49 27475
698 3 47942
285 23 36835
86 25 30657
172 8 12347
670 40 22494
266 43 47054
422 19 19370
491 9 18761
575 33 15081
15 3 42213
192 41 37733
84 39 711
140 30 33430
4 19 3167
133 48 37870
381 44 19877
173 20 4605
844 26 30374
609 28 16419
697 12 27340
131 26 8948
863 17 2819
538 40 45674
613 0 45616
524 49 18972
923 42 19501
897 11 14160
424 20 33344
146 11 35390
49 12 39310
490 20 39978
641 46 38373
299 29 23514
35 2 47700
189 22 8433
509 35 30066
435 12 47049
419 37 13536
174 41 23715
741 14 44969
596 13 21909
968 8 8289
618 37 40255
654 12 23002
633 18 11440
219 13 5674
686 13 32343
114 16 40728
855 27 29532
578 22 28922
185 0 25412
295 17 2580
397 36 12812
76 16 4890
149 35 34602
397 35 13420
48 6 44536
430 30 3470
161 44 9328
855 46 18268
862 48 25426
402 31 42612
741 30 8209
288 1 22359
121 18 48670
46 12 18914
100 8 25378
717 17 18534
782 16 17278
100 37 48410
186 48 23412
682 49 34238
925 19 667
29 14 5512
102 13 13572
327 14 42491
922 29 12590
152 1 10240
488 25 39440
368 49 31005
866 34 9571
854 47 15868
258 2 28749
477 14 15363
658 45 39387
395 14 3364
921 19 14773
495 23 23690
752 41 9992
57 25 766
184 28 28767
780 16 13987
361 21 18760
944 28 44732
996 48 24871
122 27 34832
217 16 48884
644 15 39487
751 14 29656
886 12 34440
685 23 30130
156 39 17241
20 7 12006
917 40 48546
947 35 24059
50 32 24857
298 47 35486
299 7 15622
283 37 9404
780 42 46381
22 30 34791
160 35 33324
741 5 234
327 37 16879
647 15 39372
443 38 18133
584 24 47616
205 12 19063
275 43 34274
251 18 30135
128 43 21304
133 3 511
524 16 41250
276 33 24378
447 0 5121
556 10 46218
832 11 26881
155 31 34923
290 15 40771
445 9 1226
770 19 33132
434 21 39491
249 47 37071
341 22 26896
401 32 33785
637 41 40010
341 23 33558
785 36 2945
640 7 20759
377 27 29532
214 4 8634
548 35 27189
536 44 2935
962 31 47040
369 13 2237
673 27 2959
507 32 26160
477 42 11658
146 7 22370
82 7 49022
496 25 36755
554 18 38168
583 27 35299
182 2 42010
307 26 47111
868 47 2765
908 25 45668
721 36 42270
982 10 27051
825 35 47480
27 17 27083
752 12 16268
71 7 30570
541 17 11087
63 38 3031
140 45 19074
540 24 31651
879 37 34636
337 37 35438
799 10 11973
470 7 4527
774 19 5962
272 38 42
272 16 4460
646 0 3222
73 9 40793
408 35 1818
175 11 13390
704 32 1066
596 45 6514
519 25 10680
628 23 8594
163 7 32856
806 11 26892
932 14 32526
340 10 43711
83 40 43029
508 31 21326
918 5 44823
381 1 21688
349 24 16728
914 26 45580
114 11 40441
536 25 35098
619 42 4832
297 36 3931
290 26 19193
777 39 40585
418 39 27371
357 23 48208
404 18 24827
46 46 6861
333 2 22180
630 3 37269
440 37 3357
461 3 46950
314 38 27740
129 17 38428
964 2 36727
417 28 48510
542 40 15140
904 1 36258
815 36 7851
590 14 27563
878 40 13410
525 7 17575
729 34 43644
615 48 45485
169 17 28238
731 35 25464
985 20 21090
26 0 10831
360 30 37366
147 37 28173
5 7 12537
512 32 36088
652 17 17094
149 27 26495
816 21 33102
932 43 43117
254 27 45169
519 20 33985
630 8 26557
16 38 35528
38 21 10886
369 36 11316
135 29 36234
375 19 8735
411 31 32084
315 3 17342
373 38 10318
528 37 8754
414 32 8768
619 0 35807
208 17 22126
227 36 24752
177 14 25271
814 22 6985
882 27 48338
799 39 44372
234 29 40660
127 8 30203
157 30 26498
123 24 8979
877 39 27107
66 36 44432
129 21 37899
118 48 48152
355 12 6484
223 39 40022
399 43 13566
686 6 29914
524 2 10469
682 19 19886
896 7 25241
655 2 38910
795 37 22668
452 48 24750
984 4 26942
563 4 48570
908 28 7491
117 40 47906
123 15 8597
47 21 45016
871 38 37980
570 13 31750
786 35 12952
162 33 35446
44 18 45327
894 43 3629
333 11 47889
948 48 15453
810 29 44024
270 18 17243
851 34 5754
586 25 16948
909 25 5553
937 45 16116
17 27 32719
392 16 5415
78 18 42035
6 10 13469
294 27 11707
696 6 42380
901 26 9035
754 15 34009
559 43 36711
343 32 21348
418 42 13207
413 25 194
73 13 12109
303 7 12687
111 45 30125
672 24 32729
822 49 15359
713 19 21124
786 24 8165
715 31 38127
672 11 37888
429 31 27828
401 30 1656
587 12 39159
605 35 31422
426 32 25145
840 45 49775
352 39 9113
58 26 43525
496 32 47743
802 12 24147
513 2 12497
922 5 34420
992 38 41848
726 37 16542
758 1 16173
498 25 38720
85 18 10101
4 29 2940
832 36 42187
428 34 7940
634 0 15098
450 5 13329
627 21 2916
586 18 19855
741 28 566
444 11 48056
390 13 34913
968 33 4062
810 6 24661
793 14 41881
88 31 49423
462 45 21809
420 22 42253
209 44 47683
563 15 6009
681 30 32556
904 26 34206
906 23 40041
532 1 15677
240 46 36149
449 38 22176
811 24 35195
401 29 39899
193 28 10875
103 40 49372
689 30 31060
928 20 4652
918 17 39134
55 1 15312
881 33 41866
693 36 23751
872 18 37575
614 40 9877
715 49 1531
240 24 592
244 43 16862
725 42 31091
642 30 27380
753 29 32599
728 46 14837
312 32 40801
802 1 49290
946 49 35511
746 42 49968
429 40 38283
544 40 28413
698 32 24722
359 20 36033
354 4 3013
263 5 32262
873 0 3352
906 4 6087
692 42 33875
308 8 38160
723 27 14982
897 36 39592
60 40 49010
21 4 15280
794 32 17844
710 13 23154
183 24 38187
696 13 1613
461 1 39027
696 9 2695
668 12 12602
585 25 6971
572 12 22429
216 48 16364
463 48 20042
539 25 30014
684 40 17974
26 48 21072
542 32 21627
377 19 20359
108 21 36323
63 23 7602
490 9 6919
716 15 20114
196 29 40975
786 1 29435
799 35 10263
258 47 15880
135 41 28923
605 33 20339
790 0 17643
25 29 15685
272 35 35
72 34 9121
264 48 36602
798 37 10826
151 26 49858
932 40 23329
323 34 16184
1 31 506
377 16 12822
173 23 44001
785 21 29522
401 36 41942
818 25 32971
197 47 29932
267 1 2549
504 15 29698
446 17 6852
509 25 6137
868 24 20471
142 29 17061
984 19 40718
624 41 1719
923 31 12303
736 46 42168
772 26 1877
470 8 36429
95 46 33817
101 1 28814
372 2 35536
468 45 17730
627 8 30296
783 31 5641
438 39 41722
317 35 6380
391 34 27474
136 10 43875
707 11 18824
749 15 41252
629 33 17336
359 44 25633
7 11 38336
802 20 13428
533 25 4296
302 39 47197
520 37 24024
136 2 48557
921 0 49461
777 47 19394
929 27 14784
547 13 19251
477 15 40360
830 28 13302
731 42 27961
864 9 8471
919 20 34672
903 36 35407
570 6 44499
160 25 19489
24 27 6353
601 10 21889
54 5 11779
549 30 16151
505 4 12607
188 48 19728
419 43 40863
300 12 29816
115 30 15096
443 4 28452
337 34 9625
240 25 40870
411 49 26751
683 22 32768
756 3 32652
342 21 21538
259 0 15160
766 42 15682
234 3 47439
596 11 36065
391 24 11779
117 6 19661
89 37 13333
986 39 26026
60 7 25944
433 39 6607
664 17 3
837 17 47527
467 39 39188
64 16 12172
54 0 37068
351 0 14163
369 3 40945
218 5 7576
51 37 3063
114 22 48056
144 16 15767
62 31 31940
129 15 30177
924 31 49392
47 28 49357
712 43 4443
123 9 13840
293 10 46282
614 46 8440
368 10 13308
716 40 15276
58 11 47946
759 1 22526
255 28 46531
527 49 27442
427 7 47434
934 9 34802
523 46 13163
822 30 11668
216 11 13682
60 6 45005
13 15 1453
727 26 30098
611 47 13962
874 41 14728
968 38 10579
844 2 45317
461 30 36400
966 22 1473
433 49 17890
539 39 3011
760 0 34586
740 16 11560
395 43 5279
690 13 1334
888 25 21457
207 22 17965
80 18 39433
88 39 8145
779 42 40104
58 1 44647
680 42 44641
704 27 25052
790 22 17862
593 7 44628
580 43 45091
10 47 43213
26 18 10981
555 16 34603
699 39 8712
180 29 41093
64 3 46765
160 16 19467
885 9 3282
746 3 40608
130 9 19517
845 14 45007
965 22 40223
39 15 43762
331 29 29086
465 28 12137
811 1 45667
854 33 48875
293 49 1327
448 46 5937
434 49 22639
114 30 34786
72 40 18336
804 19 25901
633 46 33980
436 47 3871
421 36 49439
952 7 5260
541 8 13890
694 2 21340
674 9 25359
76 37 19839
728 30 4980
263 17 26328
341 8 9441
493 41 22983
662 7 7161
351 20 15341
622 15 22556
416 39 42402
170 18 24062
600 5 39121
818 30 44340
876 33 35956
200 36 13579
199 24 6991
933 38 5055
641 28 47041
893 47 47838
27 6 29934
581 48 2149
984 44 29987
986 26 45818
278 2 40144
627 49 35402
860 6 38578
732 1 12582
114 38 39819
488 38 24915
352 19 12445
205 30 6813
147 30 22925
786 16 17946
561 40 37916
844 18 43162
436 14 7715
294 18 10178
331 10 5982
478 5 10225
260 46 2255
996 6 23145
987 15 11635
808 0 23543
840 28 38513
121 25 34563
327 3 33751
517 15 37488
858 43 15874
866 27 23818
197 25 47297
544 46 21366
341 1 49303
421 48 38382
553 35 45505
746 5 37680
846 35 3896
119 49 15516
109 44 25172
688 9 10382
161 11 25398
751 34 17920
578 22 12096
845 5 40052
954 1 41690
461 16 9506
147 27 25136
494 8 21489
544 36 47699
633 9 44784
756 22 36304
830 32 1422
599 17 30184
721 11 19248
244 19 4818
48 33 15465
397 8 49604
372 44 13221
762 21 1980
390 3 17100
122 48 48317
767 9 20567
805 19 36987
587 45 11260
279 17 46643
317 47 4907
159 23 8645
203 10 34366
85 22 12540
924 39 13920
962 17 34261
135 2 24598
540 38 14686
879 9 17898
998 0 38545
780 43 26783
492 3 30582
321 15 15633
546 38 48532
798 8 28485
999 48 8183
788 11 9414
298 41 11235
779 8 6452
961 11 3409
121 19 26036
263 39 28903
162 10 32453
6 39 14636
688 9 6684
834 29 2148
412 48 4157
543 1 40819
952 45 1223
402 13 37644
35 10 33937
698 38 13177
188 32 39389
208 5 6877
139 9 10756
610 6 44267
990 33 27045
90 33 38658
210 37 41525
875 29 713
755 19 27395
452 37 45906
153 39 49637
869 38 38584
325 47 7977
573 13 22712
655 27 7767
819 15 39346
591 25 24196
517 18 33795
848 47 17796
425 28 6466
824 13 25407
929 41 5607
730 37 21166
477 23 16392
810 27 3621
184 48 22322
98 3 49301
921 40 47471
550 47 13372
703 15 5262
595 21 43649
557 3 32000
327 12 32152
191 16 14098
894 13 1246
858 49 29533
181 8 37878
44 42 23905
360 27 48895
523 20 35939
508 19 26189
340 33 25607
307 34 45647
993 26 12931
5 5 28919
324 5 4127
819 45 9406
30 8 37938
875 8 28889
93 42 29784
815 25 5111
533 22 43160
782 32 27068
492 13 47704
302 20 33830
753 15 37764
843 3 21482
234 24 2789
31 41 34093
926 8 47558
805 20 1899
148 36 25265
934 14 48433
983 47 20643
699 45 9808
87 46 15813
131 17 7262
244 21 49309
213 32 19125
98 39 36625
354 30 23763
992 49 44349
986 17 42893
311 27 25693
841 14 42417
596 21 1832
933 13 41813
957 24 5609
198 24 21652
988 16 11379
456 26 33049
225 27 15159
861 38 26524
58 38 22536
452 32 23185
9 20 562
880 39 33564
143 38 44012
706 40 45076
986 27 9594
66 44 1087
875 37 34278
422 10 16568
742 10 1411
323 26 19468
63 18 40103
736 40 32455
39 0 23845
795 8 38737
4 44 9210
779 2 25304
616 46 6198
972 49 40388
319 45 18741
609 36 27266
425 26 6315
629 26 24822
94 17 23891
965 36 2959
335 47 2809
44 4 37796
931 24 41759
767 29 16889
611 36 22681
252 29 33051
242 44 29484
908 1 8662
995 36 10801
558 23 34688
774 5 32523
611 12 37082
93 14 40154
804 39 8531
843 40 14240
247 41 31986
995 30 43253
989 28 24531
964 39 15203
605 39 1813
871 19 49320
984 32 21606
438 32 6018
14 2 36853
212 7 5392
125 13 34478
408 1 9786
612 46 14398
323 28 14020
520 46 3438
996 37 23949
397 7 20938
881 16 2644
518 25 38126
490 5 8878
484 24 40076
322 1 40350
440 10 32720
109 30 44318
327 28 5450
961 10 7481
737 49 42357
500 37 32694
613 11 20290
821 40 21609
612 6 6053
489 29 33947
207 34 16126
720 49 19154
777 49 41397
515 3 19411
649 25 4752
815 19 24506
828 46 2828
675 30 11561
939 2 14658
581 8 37442
997 11 41855
514 38 39528
924 10 35640
357 28 40790
61 32 21464
609 8 30528
966 25 564
416 4 41534
531 32 3834
406 34 10980
503 38 7840
713 11 45259
366 42 12676
500 15 20212
69 31 16393
199 1 902
988 32 23785
158 0 39508
264 35 47458
72 39 37941
712 14 39627
196 48 37046
566 26 32693
170 23 6403
163 46 20115
856 5 19394
393 0 46508
690 19 34550
80 48 24502
723 2 7389
386 22 45896
202 25 20944
659 27 12942
193 0 12455
205 40 1636
773 32 22265
270 4 38062
415 22 9837
476 24 49470
223 2 23805
294 11 20441
9 0 36912
522 40 5060
300 29 34007
0 6 7724
193 7 18744
911 47 30801
206 37 27879
409 18 48533
570 32 38601
979 48 5389
317 0 10153
54 40 34726
968 37 49193
145 46 30255
533 48 23171
106 21 7723
978 14 13382
511 0 15898
0 27 41502
383 42 44427
844 26 21990
161 46 9581
514 45 30569
526 47 16810
205 34 8070
103 14 32850
171 25 40257
115 26 28691
600 3 10485
66 1 2199
282 39 48025
48 42 24841
356 47 1091
936 19 49711
696 40 39153
290 9 30631
622 30 32631
457 30 33101
587 9 46937
414 37 29906
769 17 15729
682 6 26643
405 22 33302
156 10 9055
699 18 43085
787 45 39536
89 31 33646
17 44 26476
983 32 10196
148 14 17065
879 16 35901
19 18 32247
944 12 32774
796 8 9443
338 24 15454
85 36 42352
421 6 16914
904 44 17026
386 26 49393
464 11 24891
350 20 1078
190 28 37912
493 3 18644
490 19 38091
615 48 46621
545 25 47003
301 26 24007
204 28 2250
872 15 43572
962 48 28064
713 16 43157
311 4 48221
767 42 21609
707 48 16576
637 40 13552
548 31 6992
45 47 30797
592 24 8651
480 32 39300
195 15 2153
127 46 22328
885 47 816
419 22 14939
286 3 25924
735 26 12538
929 33 36969
9 36 9830
495 29 39549
212 22 8700
815 0 21103
225 19 43995
171 38 9933
480 48 15148
838 8 36195
600 42 7818
392 34 24540
6 32 40601
483 8 18550
155 38 29775
718 3 7710
659 19 23298
621 23 36402
183 1 12616
518 31 43495
586 48 4978
643 47 18390
818 47 35253
650 42 4860
630 38 23240
39 1 33984
534 23 7426
666 37 24811
979 7 42202
459 6 33902
348 43 30882
575 19 32680
813 5 48478
583 32 4219
710 7 9815
650 38 16126
685 30 48907
475 11 32531
806 47 27221
88 41 12731
859 38 14839
334 1 28568
983 24 29634
662 34 28192
755 21 12340
895 18 25134
234 33 45428
86 28 583
201 44 45020
517 23 5057
690 34 8848
348 38 11479
939 35 23136
313 39 32047
251 13 30189
847 3 17231
575 34 8521
430 45 14515
950 24 16828
398 40 3688
426 36 8834
698 17 13878
264 47 21599
805 11 4154
2 41 5495
245 32 30247
148 17 12061
928 35 27899
149 9 13659
196 12 27463
524 24 12544
852 38 49312
633 32 4310
472 5 6969
699 30 15985
948 20 29872
186 30 13785
768 42 38165
254 27 38915
744 41 5458
453 44 37782
478 12 2494
796 26 23354
630 26 16044
687 32 27800
435 10 7109
241 42 37568
204 27 15048
37 15 16983
364 7 37720
969 13 27658
246 38 18492
631 11 27257
657 11 21000
841 16 2167
358 26 42608
311 7 10357
498 42 27517
715 33 37802
800 7 2475
729 14 27741
596 37 10105
18 7 7329
268 39 28187
332 32 1649
717 41 26252
250 12 7073
120 34 7802
712 21 21795
742 33 34847
937 48 9415
404 14 18077
106 23 10782
476 38 24568
821 34 14733
790 0 3945
773 24 34718
48 3 6166
107 6 24554
487 28 28134
690 5 33905
415 8 31718
955 46 40236
204 27 49704
339 49 10592
354 48 1125
435 7 5018
979 39 10202
78 17 6365
168 43 48329
744 1 7288
942 26 23642
817 11 29770
738 1 45994
943 10 37769
523 1 482
22 22 28975
556 22 30492
847 16 36416
911 33 31866
36 19 14833
842 2 43693
998 10 49007
871 11 31530
405 16 6843
380 42 40448
756 4 18041
440 2 42047
507 30 1358
76 32 1567
506 49 14470
389 38 20895
99 0 29467
839 6 14994
971 12 7382
715 35 28746
365 42 32823
537 26 37554
344 40 41271
919 38 16239
825 23 32103
722 18 35275
847 35 7798
68 38 5100
252 20 21090
683 27 26031
857 9 46700
568 41 23251
926 33 8649
688 14 32615
581 47 37992
830 12 10882
1 40 21438
585 29 15691
801 45 41089
756 27 15971
206 40 15556
594 43 32513
783 8 22563
355 10 6749
803 49 28667
525 45 4826
409 10 17234
561 25 21476
449 33 1918
562 9 42292
207 38 31953
210 46 5994
639 40 38610
678 34 37103
295 25 18392
775 43 31444
519 37 40440
902 26 30486
569 43 2065
658 33 43504
798 10 20734
336 24 27491
443 21 32081
538 9 49828
659 29 2845
918 5 32793
860 27 21196
901 39 45860
319 44 44997
215 38 17269
246 43 9121
20 6 13579
591 24 9711
492 39 49356
476 12 3181
735 26 33003
662 26 1897
0 23 27908
541 27 23163
147 7 3104
54 11 37185
706 17 27249
456 23 44190
686 4 24233
386 29 610
579 36 19308
73 29 24174
905 35 48296
593 18 45659
415 42 12364
552 47 22219
356 19 23785
87 22 38869
562 2 10690
523 7 14973
712 21 7231
795 1 144
390 36 2169
761 42 39098
102 39 36920
930 11 33708
43 19 7546
185 21 48971
983 5 48081
632 35 35360
56 21 8262
847 26 26445
659 25 23840
354 11 14666
870 45 16717
629 11 34046
286 28 43751
152 0 23497
97 49 43565
235 8 46352
215 15 17051
643 22 43673
281 5 49475
28 18 8913
207 7 1513
252 5 10929
434 33 32867
31 31 2524
536 39 23298
250 7 21909
540 13 11956
455 21 25393
843 26 26112
48 7 19716
379 11 7349
179 15 30321
370 20 49928
922 24 47665
289 45 8938
258 3 8872
316 37 4992
570 14 40391
299 42 455
46 44 32570
745 10 26822
9 36 22381
874 33 22164
196 42 25250
232 19 36429
475 38 17941
931 46 2974
260 29 27686
664 28 42653
215 3 39688
980 39 771
135 15 4483
868 2 37923
796 46 32462
360 20 3217
945 49 46578
347 28 33990
364 39 47248
211 48 42924
764 11 15264
534 22 3778
731 1 29590
523 33 41532
159 27 8469
825 11 38372
421 5 20119
385 35 17975
883 34 37815
457 7 44581
249 25 28236
817 29 33848
392 39 5505
500 38 39242
751 48 31270
448 17 45103
309 16 44768
229 39 19982
801 0 15229
875 22 38638
460 43 27347
641 43 19038
424 44 36567
777 48 34138
673 27 46834
41 19 32875
996 41 15464
776 40 10264
262 49 45075
293 29 31868
414 34 32558
708 44 574
624 42 3452
619 13 4246
540 0 9351
472 36 1892
636 7 36468
495 28 469
482 41 15938
852 28 13195
316 43 34754
55 8 28219
113 24 7189
248 37 7154
346 15 8250
530 16 37831
405 45 42791
917 19 26248
497 44 15290
138 40 34832
648 24 28750
782 16 48305
191 14 32409
89 8 6231
759 21 12717
256 38 39231
931 18 34099
976 42 36785
392 4 4896
278 42 2569
53 23 5314
225 23 6129
10 33 24956
512 36 6232
721 36 32908
545 5 42031
852 29 49104
67 46 1779
225 14 19986
295 15 34426
594 19 45690
938 9 28295
120 2 32136
203 29 27906
712 6 7964
789 19 41000
863 17 11839
684 34 45601
720 28 31881
414 14 28857
199 13 23023
272 45 29305
790 30 8654
322 5 41765
820 8 5059
232 38 12885
312 39 42955
653 34 14313
339 33 993
941 25 30888
399 42 27814
15 25 7715
263 34 38372
506 20 35746
658 49 49827
329 13 23952
703 8 12288
578 2 23642
624 10 16238
831 0 38501
907 5 41667
79 13 13087
542 9 5321
903 38 46378
265 1 33662
198 45 33560
530 12 29851
566 17 34283
564 37 7596
832 40 11099
453 31 6850
319 19 28987
845 41 41308
281 33 32134
958 33 25213
954 41 11852
301 24 6906
729 40 11061
775 42 1993
371 19 27049
839 2 11643
